5.000000000000000000e+01 0.000000000000000000e+00
1.000000000000000000e+02 -3.514383948136105048e-03
1.500000000000000000e+02 -7.288837052149005000e-03
2.000000000000000000e+02 -1.132736251324738090e-02
2.500000000000000000e+02 -1.562730463754275628e-02
3.000000000000000000e+02 -2.018609709006259287e-02
3.500000000000000000e+02 -2.500122187285178793e-02
4.000000000000000000e+02 -3.007019208901932916e-02
4.500000000000000000e+02 -3.539056648301486252e-02
5.000000000000000000e+02 -4.095994260814767723e-02
5.500000000000000000e+02 -4.677595815247485855e-02
6.000000000000000000e+02 -5.283628280494370028e-02
6.500000000000000000e+02 -5.913860775095870076e-02
7.000000000000000000e+02 -6.568068637786339536e-02
7.500000000000000000e+02 -7.246029564581393800e-02
8.000000000000000000e+02 -7.947524220238652570e-02
8.500000000000000000e+02 -8.672336409996200812e-02
9.000000000000000000e+02 -9.420253005142205371e-02
9.500000000000000000e+02 -1.019106386313077539e-01
1.000000000000000000e+03 -1.098456253291631157e-01
1.050000000000000000e+03 -1.180054383580408650e-01
1.100000000000000000e+03 -1.263880616026901715e-01
1.150000000000000000e+03 -1.349915058236932641e-01
1.200000000000000000e+03 -1.438138087619216521e-01
1.250000000000000000e+03 -1.528530327495508101e-01
1.300000000000000000e+03 -1.621072669457113979e-01
1.350000000000000000e+03 -1.715746249247314392e-01
1.400000000000000000e+03 -1.812532441151169238e-01
1.450000000000000000e+03 -1.911412859143948872e-01
1.500000000000000000e+03 -2.012369350693422876e-01
1.550000000000000000e+03 -2.115384007959982549e-01
1.600000000000000000e+03 -2.220438991658669203e-01
1.650000000000000000e+03 -2.327516945080292943e-01
1.700000000000000000e+03 -2.436600661660074385e-01
1.750000000000000000e+03 -2.547673245016749966e-01
1.800000000000000000e+03 -2.660717591059617027e-01
1.850000000000000000e+03 -2.775717142845045005e-01
1.900000000000000000e+03 -2.892655414324288854e-01
1.950000000000000000e+03 -3.011516043200587189e-01
2.000000000000000000e+03 -3.132283092580690487e-01
2.050000000000000000e+03 -3.254940696015266033e-01
2.100000000000000000e+03 -3.379473177117442440e-01
2.150000000000000000e+03 -3.505865041267855475e-01
2.200000000000000000e+03 -3.634100968175175694e-01
2.250000000000000000e+03 -3.764165813155395668e-01
2.300000000000000000e+03 -3.896044518610816132e-01
2.350000000000000000e+03 -4.029722395154947678e-01
2.400000000000000000e+03 -4.165184819443478181e-01
2.450000000000000000e+03 -4.302417331663336286e-01
2.500000000000000000e+03 -4.441405634447361250e-01
2.550000000000000000e+03 -4.582135581622003295e-01
2.600000000000000000e+03 -4.724593202938804914e-01
2.650000000000000000e+03 -4.868764705347246036e-01
2.700000000000000000e+03 -5.014636366347465790e-01
2.750000000000000000e+03 -5.162194688237473628e-01
2.800000000000000000e+03 -5.311426288127375495e-01
2.850000000000000000e+03 -5.462317935810216962e-01
2.900000000000000000e+03 -5.614856544525188564e-01
2.950000000000000000e+03 -5.769029212012349861e-01
3.000000000000000000e+03 -5.924823088112048941e-01
3.050000000000000000e+03 -6.082225505822161926e-01
3.100000000000000000e+03 -6.241223930857536795e-01
3.150000000000000000e+03 -6.401805951935486405e-01
3.200000000000000000e+03 -6.563959288452581031e-01
3.250000000000000000e+03 -6.727671857695162183e-01
3.300000000000000000e+03 -6.892931586661268373e-01
3.350000000000000000e+03 -7.059726582828335095e-01
3.400000000000000000e+03 -7.228045076295818161e-01
3.450000000000000000e+03 -7.397875418343530241e-01
3.500000000000000000e+03 -7.569206079859190917e-01
3.550000000000000000e+03 -7.742025648854158337e-01
3.600000000000000000e+03 -7.916322829651979420e-01
3.650000000000000000e+03 -8.092086441058617963e-01
3.700000000000000000e+03 -8.269305414625416351e-01
3.750000000000000000e+03 -8.447968793046078950e-01
3.800000000000000000e+03 -8.628065728594828121e-01
3.850000000000000000e+03 -8.809585481594189860e-01
3.900000000000000000e+03 -8.992517418911178950e-01
3.950000000000000000e+03 -9.176851001999311030e-01
4.000000000000000000e+03 -9.362575817331212358e-01
4.050000000000000000e+03 -9.549681519139996411e-01
4.100000000000000000e+03 -9.738157910277163154e-01
4.150000000000000000e+03 -9.927994868732686884e-01
4.200000000000000000e+03 -1.011918228564276268e+00
4.250000000000000000e+03 -1.031171031964737139e+00
4.300000000000000000e+03 -1.050556913905357659e+00
4.350000000000000000e+03 -1.070074900639353732e+00
4.400000000000000000e+03 -1.089724027713159682e+00
4.450000000000000000e+03 -1.109503339845485881e+00
4.500000000000000000e+03 -1.129411890807176411e+00
4.550000000000000000e+03 -1.149448743302770470e+00
4.600000000000000000e+03 -1.169612968853953827e+00
4.650000000000000000e+03 -1.189903647686298749e+00
4.700000000000000000e+03 -1.210319864238645016e+00
4.750000000000000000e+03 -1.230860720311481860e+00
4.800000000000000000e+03 -1.251525320998273072e+00
4.850000000000000000e+03 -1.272312779208545130e+00
4.900000000000000000e+03 -1.293222218809938262e+00
4.950000000000000000e+03 -1.314252771380189255e+00
5.000000000000000000e+03 -1.335403573528508581e+00
5.050000000000000000e+03 -1.356673771395943584e+00
5.100000000000000000e+03 -1.378062532717954536e+00
5.150000000000000000e+03 -1.399569004671575634e+00
5.200000000000000000e+03 -1.421192356205541740e+00
5.250000000000000000e+03 -1.442931763750473273e+00
5.300000000000000000e+03 -1.464786417751234637e+00
5.350000000000000000e+03 -1.486755507484827987e+00
5.400000000000000000e+03 -1.508838226249280989e+00
5.450000000000000000e+03 -1.531033779643826254e+00
5.500000000000000000e+03 -1.553341379965985869e+00
5.550000000000000000e+03 -1.575760246586855873e+00
5.600000000000000000e+03 -1.598289615741905978e+00
5.650000000000000000e+03 -1.620928710314917476e+00
5.700000000000000000e+03 -1.643676770054225855e+00
5.750000000000000000e+03 -1.666533038779388631e+00
5.800000000000000000e+03 -1.689496771935200092e+00
5.850000000000000000e+03 -1.712567224102614194e+00
5.900000000000000000e+03 -1.735743665895374432e+00
5.950000000000000000e+03 -1.759025369387270610e+00
6.000000000000000000e+03 -1.782411612905034026e+00
6.050000000000000000e+03 -1.805901680949371091e+00
6.100000000000000000e+03 -1.829494856171008710e+00
6.150000000000000000e+03 -1.853190443255743780e+00
6.200000000000000000e+03 -1.876987744781426937e+00
6.250000000000000000e+03 -1.900886072029288387e+00
6.300000000000000000e+03 -1.924884738256834593e+00
6.350000000000000000e+03 -1.948983061619717239e+00
6.400000000000000000e+03 -1.973180367947352076e+00
6.450000000000000000e+03 -1.997475988666042479e+00
6.500000000000000000e+03 -2.021869260777971355e+00
6.550000000000000000e+03 -2.046359527354089547e+00
6.600000000000000000e+03 -2.070946123566768993e+00
6.650000000000000000e+03 -2.095628415218318441e+00
6.700000000000000000e+03 -2.120405760982660759e+00
6.750000000000000000e+03 -2.145277524818511861e+00
6.800000000000000000e+03 -2.170243075901544305e+00
6.850000000000000000e+03 -2.195301780424655291e+00
6.900000000000000000e+03 -2.220453026393533147e+00
6.950000000000000000e+03 -2.245696198090243012e+00
7.000000000000000000e+03 -2.271030684917899389e+00
7.050000000000000000e+03 -2.296455880794731286e+00
7.100000000000000000e+03 -2.321971191488104491e+00
7.150000000000000000e+03 -2.347576015121837667e+00
7.200000000000000000e+03 -2.373269760625656755e+00
7.250000000000000000e+03 -2.399051837844138113e+00
7.300000000000000000e+03 -2.424921650888370195e+00
7.350000000000000000e+03 -2.450878641103366729e+00
7.400000000000000000e+03 -2.476922236046386061e+00
7.450000000000000000e+03 -2.503051867850851320e+00
7.500000000000000000e+03 -2.529266967744619787e+00
7.550000000000000000e+03 -2.555566982420998112e+00
7.600000000000000000e+03 -2.581951361122511557e+00
7.650000000000000000e+03 -2.608419549918006286e+00
7.700000000000000000e+03 -2.634971001212746966e+00
7.750000000000000000e+03 -2.661605175127325751e+00
7.800000000000000000e+03 -2.688321534249067390e+00
7.850000000000000000e+03 -2.715119545457972183e+00
7.900000000000000000e+03 -2.741998679727688071e+00
7.950000000000000000e+03 -2.768958412131767410e+00
8.000000000000000000e+03 -2.795998221804079975e+00
8.050000000000000000e+03 -2.823117591898141487e+00
8.100000000000000000e+03 -2.850316009547227303e+00
8.150000000000000000e+03 -2.877592965825011895e+00
8.200000000000000000e+03 -2.904947955706728369e+00
8.250000000000000000e+03 -2.932380478030837789e+00
8.300000000000000000e+03 -2.959890033116520769e+00
8.350000000000000000e+03 -2.987476129795726631e+00
8.400000000000000000e+03 -3.015138278441073183e+00
8.450000000000000000e+03 -3.042876000483340615e+00
8.500000000000000000e+03 -3.070688805757113116e+00
8.550000000000000000e+03 -3.098576217897257568e+00
8.600000000000000000e+03 -3.126537759309158560e+00
8.650000000000000000e+03 -3.154572958412041217e+00
8.700000000000000000e+03 -3.182681347171115949e+00
8.750000000000000000e+03 -3.210862460902391913e+00
8.800000000000000000e+03 -3.239115838845076922e+00
8.850000000000000000e+03 -3.267441023227473096e+00
8.900000000000000000e+03 -3.295837559857745624e+00
8.950000000000000000e+03 -3.324305003144852222e+00
9.000000000000000000e+03 -3.352842921821946209e+00
9.050000000000000000e+03 -3.381450849919347856e+00
9.100000000000000000e+03 -3.410128346561263069e+00
9.150000000000000000e+03 -3.438874969756737787e+00
9.200000000000000000e+03 -3.467690289477554977e+00
9.250000000000000000e+03 -3.496573874486978095e+00
9.300000000000000000e+03 -3.525525296723629687e+00
9.350000000000000000e+03 -3.554544131263171813e+00
9.400000000000000000e+03 -3.583629959580783897e+00
9.450000000000000000e+03 -3.612782359640665408e+00
9.500000000000000000e+03 -3.642000914745572970e+00
9.550000000000000000e+03 -3.671285213753040289e+00
9.600000000000000000e+03 -3.700634846893894547e+00
9.650000000000000000e+03 -3.730049406996819084e+00
9.700000000000000000e+03 -3.759528504640267776e+00
9.750000000000000000e+03 -3.789071724357110593e+00
9.800000000000000000e+03 -3.818678668192162284e+00
9.850000000000000000e+03 -3.848348944187195642e+00
9.900000000000000000e+03 -3.878082156929802959e+00
9.950000000000000000e+03 -3.907877916959070941e+00
1.000000000000000000e+04 -3.937735837560401908e+00
1.005000000000000000e+04 -3.967655534839614084e+00
1.010000000000000000e+04 -3.997636627609475024e+00
1.015000000000000000e+04 -4.027678737395143926e+00
1.020000000000000000e+04 -4.057781488410385329e+00
1.025000000000000000e+04 -4.087944508235137775e+00
1.030000000000000000e+04 -4.118167419819995345e+00
1.035000000000000000e+04 -4.148449860936663569e+00
1.040000000000000000e+04 -4.178791466596936566e+00
1.045000000000000000e+04 -4.209191874177956372e+00
1.050000000000000000e+04 -4.239650723498373353e+00
1.055000000000000000e+04 -4.270167656970404124e+00
1.060000000000000000e+04 -4.300742320310255273e+00
1.065000000000000000e+04 -4.331374360104919496e+00
1.070000000000000000e+04 -4.362063426787950782e+00
1.075000000000000000e+04 -4.392809171994110251e+00
1.080000000000000000e+04 -4.423611250441466858e+00
1.085000000000000000e+04 -4.454469319110391901e+00
1.090000000000000000e+04 -4.485383035736796309e+00
1.095000000000000000e+04 -4.516352064101018193e+00
1.100000000000000000e+04 -4.547376068407481320e+00
1.105000000000000000e+04 -4.578454715184822277e+00
1.110000000000000000e+04 -4.609587673265170160e+00
1.115000000000000000e+04 -4.640774613764978795e+00
1.120000000000000000e+04 -4.672015210066005508e+00
1.125000000000000000e+04 -4.703309137796489736e+00
1.130000000000000000e+04 -4.734656074812543913e+00
1.135000000000000000e+04 -4.766055701179741533e+00
1.140000000000000000e+04 -4.797507699154905936e+00
1.145000000000000000e+04 -4.829011753168100718e+00
1.150000000000000000e+04 -4.860567532443337946e+00
1.155000000000000000e+04 -4.892174743261969994e+00
1.160000000000000000e+04 -4.923833074610140415e+00
1.165000000000000000e+04 -4.955542221261543645e+00
1.170000000000000000e+04 -4.987301878242138997e+00
1.175000000000000000e+04 -5.019111742646657603e+00
1.180000000000000000e+04 -5.050971513623181863e+00
1.185000000000000000e+04 -5.082880892355706948e+00
1.190000000000000000e+04 -5.114839582047767230e+00
1.195000000000000000e+04 -5.146847287906271440e+00
1.200000000000000000e+04 -5.178903717125495909e+00
1.205000000000000000e+04 -5.211008578871240360e+00
1.210000000000000000e+04 -5.243161584265136455e+00
1.215000000000000000e+04 -5.275362446369110003e+00
1.220000000000000000e+04 -5.307610880169995937e+00
1.225000000000000000e+04 -5.339906602564298055e+00
1.230000000000000000e+04 -5.372249332343091766e+00
1.235000000000000000e+04 -5.404638792343344988e+00
1.240000000000000000e+04 -5.437074702465715781e+00
1.245000000000000000e+04 -5.469556787634332728e+00
1.250000000000000000e+04 -5.502084774069018636e+00
1.255000000000000000e+04 -5.534658389812372903e+00
1.260000000000000000e+04 -5.567277364713868693e+00
1.265000000000000000e+04 -5.599941430415609211e+00
1.270000000000000000e+04 -5.632650320338295380e+00
1.275000000000000000e+04 -5.665403769744694173e+00
1.280000000000000000e+04 -5.698201515493027003e+00
1.285000000000000000e+04 -5.731043296257060327e+00
1.290000000000000000e+04 -5.763928852434142769e+00
1.295000000000000000e+04 -5.796857926131984584e+00
1.300000000000000000e+04 -5.829830261155397153e+00
1.305000000000000000e+04 -5.862845602993155047e+00
1.310000000000000000e+04 -5.895903698804976223e+00
1.315000000000000000e+04 -5.929004297408629220e+00
1.320000000000000000e+04 -5.962147149267160273e+00
1.325000000000000000e+04 -5.995332006476246534e+00
1.330000000000000000e+04 -6.028558622753645402e+00
1.335000000000000000e+04 -6.061826753420711533e+00
1.340000000000000000e+04 -6.095136171146593007e+00
1.345000000000000000e+04 -6.128486618549717768e+00
1.350000000000000000e+04 -6.161877855695174766e+00
1.355000000000000000e+04 -6.195309644210687416e+00
1.360000000000000000e+04 -6.228781747280748071e+00
1.365000000000000000e+04 -6.262293929625532662e+00
1.370000000000000000e+04 -6.295845957489282441e+00
1.375000000000000000e+04 -6.329437598628810946e+00
1.380000000000000000e+04 -6.363068622302115784e+00
1.385000000000000000e+04 -6.396738799257099650e+00
1.390000000000000000e+04 -6.430447901720405035e+00
1.395000000000000000e+04 -6.464195703386348413e+00
1.400000000000000000e+04 -6.497981979867963886e+00
1.405000000000000000e+04 -6.531806507370076176e+00
1.410000000000000000e+04 -6.565669063916576675e+00
1.415000000000000000e+04 -6.599569428964217721e+00
1.420000000000000000e+04 -6.633507383382246658e+00
1.425000000000000000e+04 -6.667482709523497419e+00
1.430000000000000000e+04 -6.701495190963629334e+00
1.435000000000000000e+04 -6.735544613431792449e+00
1.440000000000000000e+04 -6.769630762672283808e+00
1.445000000000000000e+04 -6.803753426468792220e+00
1.450000000000000000e+04 -6.837912393958113455e+00
1.455000000000000000e+04 -6.872107455619875793e+00
1.460000000000000000e+04 -6.906338403263085901e+00
1.465000000000000000e+04 -6.940605030026240740e+00
1.470000000000000000e+04 -6.974907130358703355e+00
1.475000000000000000e+04 -7.009244500013903867e+00
1.480000000000000000e+04 -7.043616936039854615e+00
1.485000000000000000e+04 -7.078024236769774546e+00
1.490000000000000000e+04 -7.112466201804184429e+00
1.495000000000000000e+04 -7.146942632026840769e+00
1.500000000000000000e+04 -7.181453329571141353e+00
1.505000000000000000e+04 -7.215998097968741476e+00
1.510000000000000000e+04 -7.250576741688641746e+00
1.515000000000000000e+04 -7.285189066518007017e+00
1.520000000000000000e+04 -7.319834879571454955e+00
1.525000000000000000e+04 -7.354513989159475074e+00
1.530000000000000000e+04 -7.389226204773473583e+00
1.535000000000000000e+04 -7.423971337100750745e+00
1.540000000000000000e+04 -7.458749203982290688e+00
1.545000000000000000e+04 -7.493559612536501824e+00
1.550000000000000000e+04 -7.528402376956949915e+00
1.555000000000000000e+04 -7.563277312657942453e+00
1.560000000000000000e+04 -7.598184236181149132e+00
1.565000000000000000e+04 -7.633122965213942734e+00
1.570000000000000000e+04 -7.668093318581251872e+00
1.575000000000000000e+04 -7.703095116237547835e+00
1.580000000000000000e+04 -7.738128179258899841e+00
1.585000000000000000e+04 -7.773192331619807938e+00
1.590000000000000000e+04 -7.808287596288487009e+00
1.595000000000000000e+04 -7.843413592370154674e+00
1.600000000000000000e+04 -7.878570145542926006e+00
1.605000000000000000e+04 -7.913757082583413371e+00
1.610000000000000000e+04 -7.948974231315059313e+00
1.615000000000000000e+04 -7.984221420621778087e+00
1.620000000000000000e+04 -8.019498480745028246e+00
1.625000000000000000e+04 -8.054805242365013385e+00
1.630000000000000000e+04 -8.090141537504420555e+00
1.635000000000000000e+04 -8.125507196950589872e+00
1.640000000000000000e+04 -8.160902056978839525e+00
1.645000000000000000e+04 -8.196325952685143079e+00
1.650000000000000000e+04 -8.231778720217354461e+00
1.655000000000000000e+04 -8.267260196654182991e+00
1.660000000000000000e+04 -8.302770220109126242e+00
1.665000000000000000e+04 -8.338308629686574491e+00
1.670000000000000000e+04 -8.373875265475254182e+00
1.675000000000000000e+04 -8.409469970580708775e+00
1.680000000000000000e+04 -8.445092584957457404e+00
1.685000000000000000e+04 -8.480742951686217168e+00
1.690000000000000000e+04 -8.516420914528458397e+00
1.695000000000000000e+04 -8.552126318498059376e+00
1.700000000000000000e+04 -8.587859009581384484e+00
1.705000000000000000e+04 -8.623618834458802951e+00
1.710000000000000000e+04 -8.659405640863527154e+00
1.715000000000000000e+04 -8.695219277216015286e+00
1.720000000000000000e+04 -8.731059593327897161e+00
1.725000000000000000e+04 -8.766926439693829565e+00
1.730000000000000000e+04 -8.802819667717049157e+00
1.735000000000000000e+04 -8.838739129702952724e+00
1.740000000000000000e+04 -8.874684678853036246e+00
1.745000000000000000e+04 -8.910656169258871273e+00
1.750000000000000000e+04 -8.946653451813691760e+00
1.755000000000000000e+04 -8.982676386397379531e+00
1.760000000000000000e+04 -9.018724829736596504e+00
1.765000000000000000e+04 -9.054798639423744078e+00
1.770000000000000000e+04 -9.090897673912193611e+00
1.775000000000000000e+04 -9.127021792510246812e+00
1.780000000000000000e+04 -9.163170855438240281e+00
1.785000000000000000e+04 -9.199344723632691512e+00
1.790000000000000000e+04 -9.235543258932334965e+00
1.795000000000000000e+04 -9.271766324008375193e+00
1.800000000000000000e+04 -9.308013782358774080e+00
1.805000000000000000e+04 -9.344285498302758342e+00
1.810000000000000000e+04 -9.380581336975357232e+00
1.815000000000000000e+04 -9.416901164321984652e+00
1.820000000000000000e+04 -9.453244847093058567e+00
1.825000000000000000e+04 -9.489612250919787328e+00
1.830000000000000000e+04 -9.526003244516518365e+00
1.835000000000000000e+04 -9.562417698576069824e+00
1.840000000000000000e+04 -9.598855483017471713e+00
1.845000000000000000e+04 -9.635316468695867442e+00
1.850000000000000000e+04 -9.671800520810899471e+00
1.855000000000000000e+04 -9.708307517670645481e+00
1.860000000000000000e+04 -9.744837332284946640e+00
1.865000000000000000e+04 -9.781389831548020553e+00
1.870000000000000000e+04 -9.817964896892995341e+00
1.875000000000000000e+04 -9.854562403459038222e+00
1.880000000000000000e+04 -9.891182227354772039e+00
1.885000000000000000e+04 -9.927824245322621977e+00
1.890000000000000000e+04 -9.964488334555587912e+00
1.895000000000000000e+04 -1.000117437355002181e+01
1.900000000000000000e+04 -1.003788224123615613e+01
1.905000000000000000e+04 -1.007461181726429622e+01
1.910000000000000000e+04 -1.011136298199983052e+01
1.915000000000000000e+04 -1.014813561663124908e+01
1.920000000000000000e+04 -1.018492960279700377e+01
1.925000000000000000e+04 -1.022174481655462408e+01
1.930000000000000000e+04 -1.025858114752315409e+01
1.935000000000000000e+04 -1.029543847952786884e+01
1.940000000000000000e+04 -1.033231669718646373e+01
1.945000000000000000e+04 -1.036921568574041785e+01
1.950000000000000000e+04 -1.040613533111007349e+01
1.955000000000000000e+04 -1.044307551989017568e+01
1.960000000000000000e+04 -1.048003613934550238e+01
1.965000000000000000e+04 -1.051701707740652836e+01
1.970000000000000000e+04 -1.055401822266511935e+01
1.975000000000000000e+04 -1.059103946437026345e+01
1.980000000000000000e+04 -1.062808069242382913e+01
1.985000000000000000e+04 -1.066514179737635537e+01
1.990000000000000000e+04 -1.070222267042287534e+01
1.995000000000000000e+04 -1.073932320356523462e+01
2.000000000000000000e+04 -1.077644328911340743e+01
2.005000000000000000e+04 -1.081358282017061612e+01
2.010000000000000000e+04 -1.085074169046878190e+01
2.015000000000000000e+04 -1.088791979433843515e+01
2.020000000000000000e+04 -1.092511702678213048e+01
2.025000000000000000e+04 -1.096233328339175728e+01
2.030000000000000000e+04 -1.099956846037138192e+01
2.035000000000000000e+04 -1.103682245453330601e+01
2.040000000000000000e+04 -1.107409514777467940e+01
2.045000000000000000e+04 -1.111138645374126277e+01
2.050000000000000000e+04 -1.114869627101350424e+01
2.055000000000000000e+04 -1.118602449881003835e+01
2.060000000000000000e+04 -1.122337103691719484e+01
2.065000000000000000e+04 -1.126073578575490686e+01
2.070000000000000000e+04 -1.129811864629822260e+01
2.075000000000000000e+04 -1.133551952008200203e+01
2.080000000000000000e+04 -1.137293830921706927e+01
2.085000000000000000e+04 -1.141037491637555945e+01
2.090000000000000000e+04 -1.144782924481570596e+01
2.095000000000000000e+04 -1.148530119834973462e+01
2.100000000000000000e+04 -1.152279068134985351e+01
2.105000000000000000e+04 -1.156029759874471807e+01
2.110000000000000000e+04 -1.159782185601592630e+01
2.115000000000000000e+04 -1.163536335919452824e+01
2.120000000000000000e+04 -1.167292201485756031e+01
2.125000000000000000e+04 -1.171049773012460982e+01
2.130000000000000000e+04 -1.174809041265439902e+01
2.135000000000000000e+04 -1.178569997064139230e+01
2.140000000000000000e+04 -1.182332631281243351e+01
2.145000000000000000e+04 -1.186096934842339934e+01
2.150000000000000000e+04 -1.189862898725587748e+01
2.155000000000000000e+04 -1.193630513961386974e+01
2.160000000000000000e+04 -1.197399771647528155e+01
2.165000000000000000e+04 -1.201170662902750941e+01
2.170000000000000000e+04 -1.204943178911918800e+01
2.175000000000000000e+04 -1.208717310907411679e+01
2.180000000000000000e+04 -1.212493050184452947e+01
2.185000000000000000e+04 -1.216270388075320774e+01
2.190000000000000000e+04 -1.220049315967076531e+01
2.195000000000000000e+04 -1.223829825296448881e+01
2.200000000000000000e+04 -1.227611907549547965e+01
2.205000000000000000e+04 -1.231395554261552050e+01
2.210000000000000000e+04 -1.235180757016402531e+01
2.215000000000000000e+04 -1.238967507446500882e+01
2.220000000000000000e+04 -1.242755797232407033e+01
2.225000000000000000e+04 -1.246545618102541120e+01
2.230000000000000000e+04 -1.250336961843369288e+01
2.235000000000000000e+04 -1.254129820267887041e+01
2.240000000000000000e+04 -1.257924185246340620e+01
2.245000000000000000e+04 -1.261720048695663365e+01
2.250000000000000000e+04 -1.265517402579174266e+01
2.255000000000000000e+04 -1.269316238906299965e+01
2.260000000000000000e+04 -1.273116549732289116e+01
2.265000000000000000e+04 -1.276918326944606896e+01
2.270000000000000000e+04 -1.280721562902870403e+01
2.275000000000000000e+04 -1.284526249809177578e+01
2.280000000000000000e+04 -1.288332379894816704e+01
2.285000000000000000e+04 -1.292139945439698501e+01
2.290000000000000000e+04 -1.295948938182850263e+01
2.295000000000000000e+04 -1.299759351080063396e+01
2.300000000000000000e+04 -1.303571176544947363e+01
2.305000000000000000e+04 -1.307384407032221851e+01
2.310000000000000000e+04 -1.311199035039801863e+01
2.315000000000000000e+04 -1.315015053108423970e+01
2.320000000000000000e+04 -1.318832453821384476e+01
2.325000000000000000e+04 -1.322651229804279183e+01
2.330000000000000000e+04 -1.326471373724745106e+01
2.335000000000000000e+04 -1.330292878292203262e+01
2.340000000000000000e+04 -1.334115736257603757e+01
2.345000000000000000e+04 -1.337939940413171769e+01
2.350000000000000000e+04 -1.341765483592155661e+01
2.355000000000000000e+04 -1.345592358668577226e+01
2.360000000000000000e+04 -1.349420558558271566e+01
2.365000000000000000e+04 -1.353250076232733079e+01
2.370000000000000000e+04 -1.357080904668702459e+01
2.375000000000000000e+04 -1.360913036900826967e+01
2.380000000000000000e+04 -1.364746466003300007e+01
2.385000000000000000e+04 -1.368581185089620078e+01
2.390000000000000000e+04 -1.372417187312352205e+01
2.395000000000000000e+04 -1.376254465862890441e+01
2.400000000000000000e+04 -1.380093013971222504e+01
2.405000000000000000e+04 -1.383932824905695114e+01
2.410000000000000000e+04 -1.387773891972781648e+01
2.415000000000000000e+04 -1.391616208516850683e+01
2.420000000000000000e+04 -1.395459767919937200e+01
2.425000000000000000e+04 -1.399304563601513607e+01
2.430000000000000000e+04 -1.403150589018263794e+01
2.435000000000000000e+04 -1.406997837663857887e+01
2.440000000000000000e+04 -1.410846303068728780e+01
2.445000000000000000e+04 -1.414695978799850096e+01
2.450000000000000000e+04 -1.418546858460515381e+01
2.455000000000000000e+04 -1.422398935690119259e+01
2.460000000000000000e+04 -1.426252204163939474e+01
2.465000000000000000e+04 -1.430106657592920882e+01
2.470000000000000000e+04 -1.433962289725746508e+01
2.475000000000000000e+04 -1.437819094366862060e+01
2.480000000000000000e+04 -1.441677065307716710e+01
2.485000000000000000e+04 -1.445536196403157447e+01
2.490000000000000000e+04 -1.449396481535920067e+01
2.495000000000000000e+04 -1.453257914630747116e+01
2.500000000000000000e+04 -1.457120489638102079e+01
2.505000000000000000e+04 -1.460984200546666756e+01
2.510000000000000000e+04 -1.464849041378897176e+01
2.515000000000000000e+04 -1.468715006190831041e+01
2.520000000000000000e+04 -1.472582089071885925e+01
2.525000000000000000e+04 -1.476450284151899695e+01
2.530000000000000000e+04 -1.480319585579068686e+01
2.535000000000000000e+04 -1.484189987541756928e+01
2.540000000000000000e+04 -1.488061484260918732e+01
2.545000000000000000e+04 -1.491934069989901701e+01
2.550000000000000000e+04 -1.495807739014254523e+01
2.555000000000000000e+04 -1.499682485651534058e+01
2.560000000000000000e+04 -1.503558304251114919e+01
2.565000000000000000e+04 -1.507435189710620804e+01
2.570000000000000000e+04 -1.511313135923673734e+01
2.575000000000000000e+04 -1.515192137335905542e+01
2.580000000000000000e+04 -1.519072188422141956e+01
2.585000000000000000e+04 -1.522953283688042347e+01
2.590000000000000000e+04 -1.526835417669962780e+01
2.595000000000000000e+04 -1.530718584934773574e+01
2.600000000000000000e+04 -1.534602780079678119e+01
2.605000000000000000e+04 -1.538487997732032753e+01
2.610000000000000000e+04 -1.542374232549168767e+01
2.615000000000000000e+04 -1.546261479220091317e+01
2.620000000000000000e+04 -1.550149732459561847e+01
2.625000000000000000e+04 -1.554038987013768747e+01
2.630000000000000000e+04 -1.557929237658179566e+01
2.635000000000000000e+04 -1.561820479197359113e+01
2.640000000000000000e+04 -1.565712706464798387e+01
2.645000000000000000e+04 -1.569605914322743523e+01
2.650000000000000000e+04 -1.573500097662025965e+01
2.655000000000000000e+04 -1.577395251401893717e+01
2.660000000000000000e+04 -1.581291370489843651e+01
2.665000000000000000e+04 -1.585188449901455243e+01
2.670000000000000000e+04 -1.589086484640224839e+01
2.675000000000000000e+04 -1.592985469737401161e+01
2.680000000000000000e+04 -1.596885400251822063e+01
2.685000000000000000e+04 -1.600786271269751992e+01
2.690000000000000000e+04 -1.604688077904720700e+01
2.695000000000000000e+04 -1.608590815297362653e+01
2.700000000000000000e+04 -1.612494478615258942e+01
2.705000000000000000e+04 -1.616399063059656172e+01
2.710000000000000000e+04 -1.620304563844726786e+01
2.715000000000000000e+04 -1.624210976217045399e+01
2.720000000000000000e+04 -1.628118295449499442e+01
2.725000000000000000e+04 -1.632026516843891883e+01
2.730000000000000000e+04 -1.635935635726186277e+01
2.735000000000000000e+04 -1.639845647448204247e+01
2.740000000000000000e+04 -1.643756547387475919e+01
2.745000000000000000e+04 -1.647668330947089288e+01
2.750000000000000000e+04 -1.651580993886252458e+01
2.755000000000000000e+04 -1.655494531328229968e+01
2.760000000000000000e+04 -1.659408938752736873e+01
2.765000000000000000e+04 -1.663324211663568164e+01
2.770000000000000000e+04 -1.667240345589470607e+01
2.775000000000000000e+04 -1.671157336083853906e+01
2.780000000000000000e+04 -1.675075178724647529e+01
2.785000000000000000e+04 -1.678993869114158244e+01
2.790000000000000000e+04 -1.682913402878929432e+01
2.795000000000000000e+04 -1.686833775669601110e+01
2.800000000000000000e+04 -1.690754983160769953e+01
2.805000000000000000e+04 -1.694677021050850030e+01
2.810000000000000000e+04 -1.698599886136202031e+01
2.815000000000000000e+04 -1.702523573079058750e+01
2.820000000000000000e+04 -1.706448077650580686e+01
2.825000000000000000e+04 -1.710373395643292938e+01
2.830000000000000000e+04 -1.714299522872831005e+01
2.835000000000000000e+04 -1.718226455177828882e+01
2.840000000000000000e+04 -1.722154188419784759e+01
2.845000000000000000e+04 -1.726082718482928513e+01
2.850000000000000000e+04 -1.730012041274090251e+01
2.855000000000000000e+04 -1.733942152720078411e+01
2.860000000000000000e+04 -1.737873048776309659e+01
2.865000000000000000e+04 -1.741804725416583466e+01
2.870000000000000000e+04 -1.745737178636814946e+01
2.875000000000000000e+04 -1.749670404454864325e+01
2.880000000000000000e+04 -1.753604398586216107e+01
2.885000000000000000e+04 -1.757539157418228726e+01
2.890000000000000000e+04 -1.761474677033176306e+01
2.895000000000000000e+04 -1.765410953535562655e+01
2.900000000000000000e+04 -1.769347983051094175e+01
2.905000000000000000e+04 -1.773285761726683774e+01
2.910000000000000000e+04 -1.777224285730329001e+01
2.915000000000000000e+04 -1.781163551250991617e+01
2.920000000000000000e+04 -1.785103554498475376e+01
2.925000000000000000e+04 -1.789044291703307366e+01
2.930000000000000000e+04 -1.792985759110592170e+01
2.935000000000000000e+04 -1.796927952997905109e+01
2.940000000000000000e+04 -1.800870869657212836e+01
2.945000000000000000e+04 -1.804814505400750235e+01
2.950000000000000000e+04 -1.808758856560885775e+01
2.955000000000000000e+04 -1.812703919490004978e+01
2.960000000000000000e+04 -1.816649690560397445e+01
2.965000000000000000e+04 -1.820596166164140683e+01
2.970000000000000000e+04 -1.824543342712988192e+01
2.975000000000000000e+04 -1.828491216638255423e+01
2.980000000000000000e+04 -1.832439784390708581e+01
2.985000000000000000e+04 -1.836389042440452712e+01
2.990000000000000000e+04 -1.840338987276820504e+01
2.995000000000000000e+04 -1.844289615408262861e+01
3.000000000000000000e+04 -1.848240923362239130e+01
3.005000000000000000e+04 -1.852192907685108736e+01
3.010000000000000000e+04 -1.856145564942022830e+01
3.015000000000000000e+04 -1.860098891716816638e+01
3.020000000000000000e+04 -1.864052884611902527e+01
3.025000000000000000e+04 -1.868007540248165199e+01
3.030000000000000000e+04 -1.871962855264854397e+01
3.035000000000000000e+04 -1.875918826319480814e+01
3.040000000000000000e+04 -1.879875450087712707e+01
3.045000000000000000e+04 -1.883832723263271092e+01
3.050000000000000000e+04 -1.887790642557827425e+01
3.055000000000000000e+04 -1.891749204700901288e+01
3.060000000000000000e+04 -1.895708406439758420e+01
3.065000000000000000e+04 -1.899668244539309825e+01
3.070000000000000000e+04 -1.903628715782010872e+01
3.075000000000000000e+04 -1.907589816967762530e+01
3.080000000000000000e+04 -1.911551544913810829e+01
3.085000000000000000e+04 -1.915513896454648801e+01
3.090000000000000000e+04 -1.919476868441918782e+01
3.095000000000000000e+04 -1.923440457744314358e+01
3.100000000000000000e+04 -1.927404661247483375e+01
3.105000000000000000e+04 -1.931369475853932016e+01
3.110000000000000000e+04 -1.935334898482929233e+01
3.115000000000000000e+04 -1.939300926070411535e+01
3.120000000000000000e+04 -1.943267555568887772e+01
3.125000000000000000e+04 -1.947234783947345704e+01
3.130000000000000000e+04 -1.951202608191158561e+01
3.135000000000000000e+04 -1.955171025301992316e+01
3.140000000000000000e+04 -1.959140032297712963e+01
3.145000000000000000e+04 -1.963109626212295211e+01
3.150000000000000000e+04 -1.967079804158515444e+01
3.155000000000000000e+04 -1.971050563140150658e+01
3.160000000000000000e+04 -1.975021900238821360e+01
3.165000000000000000e+04 -1.978993812552044318e+01
3.170000000000000000e+04 -1.982966297192981031e+01
3.175000000000000000e+04 -1.986939351290360989e+01
3.180000000000000000e+04 -1.990912971988393565e+01
3.185000000000000000e+04 -1.994887156446682042e+01
3.190000000000000000e+04 -1.998861901840135147e+01
3.195000000000000000e+04 -2.002837205358882144e+01
3.200000000000000000e+04 -2.006813064208186503e+01
3.205000000000000000e+04 -2.010789475608360277e+01
3.210000000000000000e+04 -2.014766436794679905e+01
3.215000000000000000e+04 -2.018743945017301300e+01
3.220000000000000000e+04 -2.022721997541177075e+01
3.225000000000000000e+04 -2.026700591645971983e+01
3.230000000000000000e+04 -2.030679724625980853e+01
3.235000000000000000e+04 -2.034659393790046167e+01
3.240000000000000000e+04 -2.038639596461476344e+01
3.245000000000000000e+04 -2.042620329977963678e+01
3.250000000000000000e+04 -2.046601591691504396e+01
3.255000000000000000e+04 -2.050583378968317660e+01
3.260000000000000000e+04 -2.054565689188765987e+01
3.265000000000000000e+04 -2.058548519747275307e+01
3.270000000000000000e+04 -2.062531868052256812e+01
3.275000000000000000e+04 -2.066515731526027722e+01
3.280000000000000000e+04 -2.070500107604733131e+01
3.285000000000000000e+04 -2.074484993738269267e+01
3.290000000000000000e+04 -2.078470387390205687e+01
3.295000000000000000e+04 -2.082456286037708537e+01
3.300000000000000000e+04 -2.086442687171464883e+01
3.305000000000000000e+04 -2.090429588293076435e+01
3.310000000000000000e+04 -2.094416986923882718e+01
3.315000000000000000e+04 -2.098404880593394850e+01
3.320000000000000000e+04 -2.102393266845626485e+01
3.325000000000000000e+04 -2.106382144265790757e+01
3.330000000000000000e+04 -2.110371509383767119e+01
3.335000000000000000e+04 -2.114361359789796069e+01
3.340000000000000000e+04 -2.118351693078912135e+01
3.345000000000000000e+04 -2.122342506860285383e+01
3.350000000000000000e+04 -2.126333798755867477e+01
3.355000000000000000e+04 -2.130325566410171234e+01
3.360000000000000000e+04 -2.134317807460689309e+01
3.365000000000000000e+04 -2.138310519567297519e+01
3.370000000000000000e+04 -2.142303700402358047e+01
3.375000000000000000e+04 -2.146297347650659759e+01
3.380000000000000000e+04 -2.150291459009348927e+01
3.385000000000000000e+04 -2.154286032187859945e+01
3.390000000000000000e+04 -2.158281064907847124e+01
3.395000000000000000e+04 -2.162276554903116477e+01
3.400000000000000000e+04 -2.166272499919557504e+01
3.405000000000000000e+04 -2.170268897715076761e+01
3.410000000000000000e+04 -2.174265746059530358e+01
3.415000000000000000e+04 -2.178263042734657162e+01
3.420000000000000000e+04 -2.182260785534014147e+01
3.425000000000000000e+04 -2.186258972262909239e+01
3.430000000000000000e+04 -2.190257600738337018e+01
3.435000000000000000e+04 -2.194256668788912634e+01
3.440000000000000000e+04 -2.198256174254808570e+01
3.445000000000000000e+04 -2.202256114987689628e+01
3.450000000000000000e+04 -2.206256488850649333e+01
3.455000000000000000e+04 -2.210257293718147409e+01
3.460000000000000000e+04 -2.214258527475945115e+01
3.465000000000000000e+04 -2.218260188021044144e+01
3.470000000000000000e+04 -2.222262273261623378e+01
3.475000000000000000e+04 -2.226264781116977076e+01
3.480000000000000000e+04 -2.230267709517453412e+01
3.485000000000000000e+04 -2.234271056404393718e+01
3.490000000000000000e+04 -2.238274819730071030e+01
3.495000000000000000e+04 -2.242278997457629686e+01
3.500000000000000000e+04 -2.246283587561024930e+01
3.505000000000000000e+04 -2.250288588024963943e+01
3.510000000000000000e+04 -2.254293996894412189e+01
3.515000000000000000e+04 -2.258299812125741113e+01
3.520000000000000000e+04 -2.262306031735368705e+01
3.525000000000000000e+04 -2.266312653750461692e+01
3.530000000000000000e+04 -2.270319676208630710e+01
3.535000000000000000e+04 -2.274327097157884126e+01
3.540000000000000000e+04 -2.278334914656569055e+01
3.545000000000000000e+04 -2.282343126773315589e+01
3.550000000000000000e+04 -2.286351731586980662e+01
3.555000000000000000e+04 -2.290360727186590495e+01
3.560000000000000000e+04 -2.294370111671285883e+01
3.565000000000000000e+04 -2.298379883150266068e+01
3.570000000000000000e+04 -2.302390039742772743e+01
3.575000000000000000e+04 -2.306400579577884002e+01
3.580000000000000000e+04 -2.310411500794684159e+01
3.585000000000000000e+04 -2.314422801529837415e+01
3.590000000000000000e+04 -2.318434479954098748e+01
3.595000000000000000e+04 -2.322446534235852411e+01
3.600000000000000000e+04 -2.326458962553176946e+01
3.605000000000000000e+04 -2.330471763093775195e+01
3.610000000000000000e+04 -2.334484934054921013e+01
3.615000000000000000e+04 -2.338498473643407749e+01
3.620000000000000000e+04 -2.342512380075495315e+01
3.625000000000000000e+04 -2.346526651576857958e+01
3.630000000000000000e+04 -2.350541286382533457e+01
3.635000000000000000e+04 -2.354556282736870187e+01
3.640000000000000000e+04 -2.358571638893478095e+01
3.645000000000000000e+04 -2.362587353115175759e+01
3.650000000000000000e+04 -2.366603423673941009e+01
3.655000000000000000e+04 -2.370619848850860834e+01
3.660000000000000000e+04 -2.374636626936080575e+01
3.665000000000000000e+04 -2.378653756228754901e+01
3.670000000000000000e+04 -2.382671235036998070e+01
3.675000000000000000e+04 -2.386689061677835255e+01
3.680000000000000000e+04 -2.390707234477152809e+01
3.685000000000000000e+04 -2.394725751769650657e+01
3.690000000000000000e+04 -2.398744611898793622e+01
3.695000000000000000e+04 -2.402763813216763111e+01
3.700000000000000000e+04 -2.406783354084410220e+01
3.705000000000000000e+04 -2.410803232871207058e+01
3.710000000000000000e+04 -2.414823447955200919e+01
3.715000000000000000e+04 -2.418843997722966321e+01
3.720000000000000000e+04 -2.422864880569558466e+01
3.725000000000000000e+04 -2.426886094898467405e+01
3.730000000000000000e+04 -2.430907639121571506e+01
3.735000000000000000e+04 -2.434929511659091972e+01
3.740000000000000000e+04 -2.438951710939546658e+01
3.745000000000000000e+04 -2.442974235399704597e+01
3.750000000000000000e+04 -2.446997083484541946e+01
3.755000000000000000e+04 -2.451020253647196512e+01
3.760000000000000000e+04 -2.455043744348922985e+01
3.765000000000000000e+04 -2.459067554059049243e+01
3.770000000000000000e+04 -2.463091681254931231e+01
3.775000000000000000e+04 -2.467116124421910328e+01
3.780000000000000000e+04 -2.471140882053268939e+01
3.785000000000000000e+04 -2.475165952650187862e+01
3.790000000000000000e+04 -2.479191334721702944e+01
3.795000000000000000e+04 -2.483217026784661741e+01
3.800000000000000000e+04 -2.487243027363681591e+01
3.805000000000000000e+04 -2.491269334991107343e+01
3.810000000000000000e+04 -2.495295948206968362e+01
3.815000000000000000e+04 -2.499322865558937679e+01
3.820000000000000000e+04 -2.503350085602290065e+01
3.825000000000000000e+04 -2.507377606899860467e+01
3.830000000000000000e+04 -2.511405428022002795e+01
3.835000000000000000e+04 -2.515433547546549065e+01
3.840000000000000000e+04 -2.519461964058769254e+01
3.845000000000000000e+04 -2.523490676151330092e+01
3.850000000000000000e+04 -2.527519682424254910e+01
3.855000000000000000e+04 -2.531548981484884209e+01
3.860000000000000000e+04 -2.535578571947835869e+01
3.865000000000000000e+04 -2.539608452434964292e+01
3.870000000000000000e+04 -2.543638621575323100e+01
3.875000000000000000e+04 -2.547669078005124277e+01
3.880000000000000000e+04 -2.551699820367700511e+01
3.885000000000000000e+04 -2.555730847313465404e+01
3.890000000000000000e+04 -2.559762157499876523e+01
3.895000000000000000e+04 -2.563793749591395965e+01
3.900000000000000000e+04 -2.567825622259452345e+01
3.905000000000000000e+04 -2.571857774182404199e+01
3.910000000000000000e+04 -2.575890204045500553e+01
3.915000000000000000e+04 -2.579922910540845393e+01
3.920000000000000000e+04 -2.583955892367359297e+01
3.925000000000000000e+04 -2.587989148230743197e+01
3.930000000000000000e+04 -2.592022676843441076e+01
3.935000000000000000e+04 -2.596056476924603729e+01
3.940000000000000000e+04 -2.600090547200052526e+01
3.945000000000000000e+04 -2.604124886402539829e+01
3.950000000000000000e+04 -2.608159493270800411e+01
3.955000000000000000e+04 -2.612194366550472679e+01
3.960000000000000000e+04 -2.616229504993697930e+01
3.965000000000000000e+04 -2.620264907359111817e+01
3.970000000000000000e+04 -2.624300572411807053e+01
3.975000000000000000e+04 -2.628336498923297881e+01
3.980000000000000000e+04 -2.632372685671486323e+01
3.985000000000000000e+04 -2.636409131440627007e+01
3.990000000000000000e+04 -2.640445835021291998e+01
3.995000000000000000e+04 -2.644482795210338466e+01
4.000000000000000000e+04 -2.648520010810873515e+01
4.005000000000000000e+04 -2.652557480632220432e+01
4.010000000000000000e+04 -2.656595203489885293e+01
4.015000000000000000e+04 -2.660633178205524274e+01
4.020000000000000000e+04 -2.664671403606909550e+01
4.025000000000000000e+04 -2.668709878527896606e+01
4.030000000000000000e+04 -2.672748601808391555e+01
4.035000000000000000e+04 -2.676787572294318451e+01
4.040000000000000000e+04 -2.680826788837586250e+01
4.045000000000000000e+04 -2.684866250296057544e+01
4.050000000000000000e+04 -2.688905955533515879e+01
4.055000000000000000e+04 -2.692945903419634135e+01
4.060000000000000000e+04 -2.696986092829942194e+01
4.065000000000000000e+04 -2.701026522645796035e+01
4.070000000000000000e+04 -2.705067191754346112e+01
4.075000000000000000e+04 -2.709108099048506091e+01
4.080000000000000000e+04 -2.713149243426922297e+01
4.085000000000000000e+04 -2.717190623793942095e+01
4.090000000000000000e+04 -2.721232239059583691e+01
4.095000000000000000e+04 -2.725274088139505224e+01
4.100000000000000000e+04 -2.729316169954975280e+01
4.105000000000000000e+04 -2.733358483432841979e+01
4.110000000000000000e+04 -2.737401027505502782e+01
4.115000000000000000e+04 -2.741443801110875711e+01
4.120000000000000000e+04 -2.745486803192368441e+01
4.125000000000000000e+04 -2.749530032698849524e+01
4.130000000000000000e+04 -2.753573488584619255e+01
4.135000000000000000e+04 -2.757617169809379476e+01
4.140000000000000000e+04 -2.761661075338205862e+01
4.145000000000000000e+04 -2.765705204141518081e+01
4.150000000000000000e+04 -2.769749555195051727e+01
4.155000000000000000e+04 -2.773794127479829186e+01
4.160000000000000000e+04 -2.777838919982131927e+01
4.165000000000000000e+04 -2.781883931693471723e+01
4.170000000000000000e+04 -2.785929161610562943e+01
4.175000000000000000e+04 -2.789974608735294836e+01
4.180000000000000000e+04 -2.794020272074703115e+01
4.185000000000000000e+04 -2.798066150640942951e+01
4.190000000000000000e+04 -2.802112243451261264e+01
4.195000000000000000e+04 -2.806158549527970081e+01
4.200000000000000000e+04 -2.810205067898417752e+01
4.205000000000000000e+04 -2.814251797594964088e+01
4.210000000000000000e+04 -2.818298737654951935e+01
4.215000000000000000e+04 -2.822345887120681596e+01
4.220000000000000000e+04 -2.826393245039383118e+01
4.225000000000000000e+04 -2.830440810463191426e+01
4.230000000000000000e+04 -2.834488582449118255e+01
4.235000000000000000e+04 -2.838536560059027281e+01
4.240000000000000000e+04 -2.842584742359608541e+01
4.245000000000000000e+04 -2.846633128422351078e+01
4.250000000000000000e+04 -2.850681717323518782e+01
4.255000000000000000e+04 -2.854730508144124101e+01
4.260000000000000000e+04 -2.858779499969903171e+01
4.265000000000000000e+04 -2.862828691891289878e+01
4.270000000000000000e+04 -2.866878083003390998e+01
4.275000000000000000e+04 -2.870927672405961317e+01
4.280000000000000000e+04 -2.874977459203379482e+01
4.285000000000000000e+04 -2.879027442504622414e+01
4.290000000000000000e+04 -2.883077621423240444e+01
4.295000000000000000e+04 -2.887127995077334219e+01
4.300000000000000000e+04 -2.891178562589529477e+01
4.305000000000000000e+04 -2.895229323086953244e+01
4.310000000000000000e+04 -2.899280275701209320e+01
4.315000000000000000e+04 -2.903331419568354832e+01
4.320000000000000000e+04 -2.907382753828876787e+01
4.325000000000000000e+04 -2.911434277627667910e+01
4.330000000000000000e+04 -2.915485990114003201e+01
4.335000000000000000e+04 -2.919537890441516836e+01
4.340000000000000000e+04 -2.923589977768179082e+01
4.345000000000000000e+04 -2.927642251256272843e+01
4.350000000000000000e+04 -2.931694710072370569e+01
4.355000000000000000e+04 -2.935747353387311520e+01
4.360000000000000000e+04 -2.939800180364358084e+01
4.365000000000000000e+04 -2.943853190194503000e+01
4.370000000000000000e+04 -2.947906382061240649e+01
4.375000000000000000e+04 -2.951959755152254061e+01
4.380000000000000000e+04 -2.956013308659380812e+01
4.385000000000000000e+04 -2.960067041778590635e+01
4.390000000000000000e+04 -2.964120953709964112e+01
4.395000000000000000e+04 -2.968175043657669931e+01
4.400000000000000000e+04 -2.972229310829944282e+01
4.405000000000000000e+04 -2.976283754439068474e+01
4.410000000000000000e+04 -2.980338373701347265e+01
4.415000000000000000e+04 -2.984393167836965333e+01
4.420000000000000000e+04 -2.988448136070443084e+01
4.425000000000000000e+04 -2.992503277629918657e+01
4.430000000000000000e+04 -2.996558591747582767e+01
4.435000000000000000e+04 -3.000614077659540868e+01
4.440000000000000000e+04 -3.004669734605795739e+01
4.445000000000000000e+04 -3.008725561830226525e+01
4.450000000000000000e+04 -3.012781558580568486e+01
4.455000000000000000e+04 -3.016837724108392038e+01
4.460000000000000000e+04 -3.020894057669083210e+01
4.465000000000000000e+04 -3.024950558521822686e+01
4.470000000000000000e+04 -3.029007225929566260e+01
4.475000000000000000e+04 -3.033064059159024239e+01
4.480000000000000000e+04 -3.037121057480641895e+01
4.485000000000000000e+04 -3.041178220168579571e+01
4.490000000000000000e+04 -3.045235546500693147e+01
4.495000000000000000e+04 -3.049293035758513781e+01
4.500000000000000000e+04 -3.053350687227229798e+01
4.505000000000000000e+04 -3.057408500195665724e+01
4.510000000000000000e+04 -3.061466473956264167e+01
4.515000000000000000e+04 -3.065524607805066282e+01
4.520000000000000000e+04 -3.069582901041692935e+01
4.525000000000000000e+04 -3.073641352969324814e+01
4.530000000000000000e+04 -3.077699962894685015e+01
4.535000000000000000e+04 -3.081758730128019508e+01
4.540000000000000000e+04 -3.085817653983078301e+01
4.545000000000000000e+04 -3.089876733777097684e+01
4.550000000000000000e+04 -3.093935968830780681e+01
4.555000000000000000e+04 -3.097995358468280003e+01
4.560000000000000000e+04 -3.102054902017178506e+01
4.565000000000000000e+04 -3.106114598808472138e+01
4.570000000000000000e+04 -3.110174448176551465e+01
4.575000000000000000e+04 -3.114234449459183551e+01
4.580000000000000000e+04 -3.118294601997494553e+01
4.585000000000000000e+04 -3.122354905135951242e+01
4.590000000000000000e+04 -3.126415358222344665e+01
4.595000000000000000e+04 -3.130475960607770958e+01
4.600000000000000000e+04 -3.134536711646615004e+01
4.605000000000000000e+04 -3.138597610696533025e+01
4.610000000000000000e+04 -3.142658657118434817e+01
4.615000000000000000e+04 -3.146719850276467056e+01
4.620000000000000000e+04 -3.150781189537995530e+01
4.625000000000000000e+04 -3.154842674273589154e+01
4.630000000000000000e+04 -3.158904303857002560e+01
4.635000000000000000e+04 -3.162966077665159048e+01
4.640000000000000000e+04 -3.167027995078133884e+01
4.645000000000000000e+04 -3.171090055479138314e+01
4.650000000000000000e+04 -3.175152258254502513e+01
4.655000000000000000e+04 -3.179214602793659239e+01
4.660000000000000000e+04 -3.183277088489127848e+01
4.665000000000000000e+04 -3.187339714736497243e+01
4.670000000000000000e+04 -3.191402480934410235e+01
4.675000000000000000e+04 -3.195465386484547921e+01
4.680000000000000000e+04 -3.199528430791612621e+01
4.685000000000000000e+04 -3.203591613263312610e+01
4.690000000000000000e+04 -3.207654933310602274e+01
4.695000000000000000e+04 -3.211718390346924679e+01
4.700000000000000000e+04 -3.215781983788879472e+01
4.705000000000000000e+04 -3.219845713056044190e+01
4.710000000000000000e+04 -3.223909577570920248e+01
4.715000000000000000e+04 -3.227973576758922292e+01
4.720000000000000000e+04 -3.232037710048361845e+01
4.725000000000000000e+04 -3.236101976870432395e+01
4.730000000000000000e+04 -3.240166376659192338e+01
4.735000000000000000e+04 -3.244230908851553608e+01
4.740000000000000000e+04 -3.248295572887262495e+01
4.745000000000000000e+04 -3.252360368208887564e+01
4.750000000000000000e+04 -3.256425294261805448e+01
4.755000000000000000e+04 -3.260490350494182366e+01
4.760000000000000000e+04 -3.264555536356963472e+01
4.765000000000000000e+04 -3.268620851303856512e+01
4.770000000000000000e+04 -3.272686294791316897e+01
4.775000000000000000e+04 -3.276751866278534209e+01
4.780000000000000000e+04 -3.280817565227417276e+01
4.785000000000000000e+04 -3.284883391102579964e+01
4.790000000000000000e+04 -3.288949343371327672e+01
4.795000000000000000e+04 -3.293015421629549166e+01
4.800000000000000000e+04 -3.297081625223952273e+01
4.805000000000000000e+04 -3.301147953629572385e+01
4.810000000000000000e+04 -3.305214406324364518e+01
4.815000000000000000e+04 -3.309280982788893510e+01
4.820000000000000000e+04 -3.313347682507040304e+01
4.825000000000000000e+04 -3.317414504963542043e+01
4.830000000000000000e+04 -3.321481449647055939e+01
4.835000000000000000e+04 -3.325548516048491621e+01
4.840000000000000000e+04 -3.329615703661311699e+01
4.845000000000000000e+04 -3.333683011981516842e+01
4.850000000000000000e+04 -3.337750440507635119e+01
4.855000000000000000e+04 -3.341817988740706369e+01
4.860000000000000000e+04 -3.345885656184270118e+01
4.865000000000000000e+04 -3.349953442344352084e+01
4.870000000000000000e+04 -3.354021346729452091e+01
4.875000000000000000e+04 -3.358089368850529866e+01
4.880000000000000000e+04 -3.362157508220993662e+01
4.885000000000000000e+04 -3.366225764356685346e+01
4.890000000000000000e+04 -3.370294136775870442e+01
4.895000000000000000e+04 -3.374362624999223215e+01
4.900000000000000000e+04 -3.378431228549814591e+01
4.905000000000000000e+04 -3.382499946953101500e+01
4.910000000000000000e+04 -3.386568779736911239e+01
4.915000000000000000e+04 -3.390637726431432242e+01
4.920000000000000000e+04 -3.394706786569199153e+01
4.925000000000000000e+04 -3.398775959685082881e+01
4.930000000000000000e+04 -3.402845245316275680e+01
4.935000000000000000e+04 -3.406914643002281906e+01
4.940000000000000000e+04 -3.410984152284904525e+01
4.945000000000000000e+04 -3.415053772381460817e+01
4.950000000000000000e+04 -3.419123503164580313e+01
4.955000000000000000e+04 -3.423193344182597286e+01
4.960000000000000000e+04 -3.427263294986295250e+01
4.965000000000000000e+04 -3.431333355128675322e+01
4.970000000000000000e+04 -3.435403524164979672e+01
4.975000000000000000e+04 -3.439473801652679441e+01
4.980000000000000000e+04 -3.443544187151461244e+01
4.985000000000000000e+04 -3.447614680223213668e+01
4.990000000000000000e+04 -3.451685280432016611e+01
4.995000000000000000e+04 -3.455755987344127789e+01
5.000000000000000000e+04 -3.459826800527970647e+01
