1.000000000000000000e+02 0.000000000000000000e+00
2.000000000000000000e+02 -7.293735874178619225e-03
3.000000000000000000e+02 -1.560333622771255951e-02
4.000000000000000000e+02 -2.491922025368674409e-02
5.000000000000000000e+02 -3.522112858302305083e-02
6.000000000000000000e+02 -4.648952051196070939e-02
7.000000000000000000e+02 -5.870550101976043655e-02
8.000000000000000000e+02 -7.185077343663441585e-02
9.000000000000000000e+02 -8.590761111786419935e-02
1.000000000000000000e+03 -1.008588123225449551e-01
1.100000000000000000e+03 -1.166876803673674301e-01
1.200000000000000000e+03 -1.333779952975097383e-01
1.300000000000000000e+03 -1.509139904510821695e-01
1.400000000000000000e+03 -1.692803311000123656e-01
1.500000000000000000e+03 -1.884620947810015379e-01
1.600000000000000000e+03 -2.084447302744160957e-01
1.700000000000000000e+03 -2.292141112213716969e-01
1.800000000000000000e+03 -2.507564493432928310e-01
1.900000000000000000e+03 -2.730583046851010609e-01
2.000000000000000000e+03 -2.961065714082715128e-01
2.100000000000000000e+03 -3.198884653716601023e-01
2.200000000000000000e+03 -3.443915122228442538e-01
2.300000000000000000e+03 -3.696035361685128806e-01
2.400000000000000000e+03 -3.955126357151074745e-01
2.500000000000000000e+03 -4.221072131087355572e-01
2.600000000000000000e+03 -4.493759276448214823e-01
2.700000000000000000e+03 -4.773076970924992612e-01
2.800000000000000000e+03 -5.058916899334201522e-01
2.900000000000000000e+03 -5.351172855481803881e-01
3.000000000000000000e+03 -5.649741620039675505e-01
3.100000000000000000e+03 -5.954521920823966363e-01
3.200000000000000000e+03 -6.265414723542690467e-01
3.300000000000000000e+03 -6.582323055029509762e-01
3.400000000000000000e+03 -6.905152011956200431e-01
3.500000000000000000e+03 -7.233808764419020765e-01
3.600000000000000000e+03 -7.568202393739651423e-01
3.700000000000000000e+03 -7.908243875967695402e-01
3.800000000000000000e+03 -8.253846004608771381e-01
3.900000000000000000e+03 -8.604923367630422648e-01
4.000000000000000000e+03 -8.961392271254596809e-01
4.100000000000000000e+03 -9.323170716899775723e-01
4.200000000000000000e+03 -9.690178332661442129e-01
4.300000000000000000e+03 -1.006233633534957095e+00
4.400000000000000000e+03 -1.043956748703474435e+00
4.500000000000000000e+03 -1.082179605331164307e+00
4.600000000000000000e+03 -1.120894776572485929e+00
4.700000000000000000e+03 -1.160094974049834748e+00
4.800000000000000000e+03 -1.199773055160230362e+00
4.900000000000000000e+03 -1.239922007417045391e+00
5.000000000000000000e+03 -1.280534951265434263e+00
5.100000000000000000e+03 -1.321605137247620299e+00
5.200000000000000000e+03 -1.363125939478356363e+00
5.300000000000000000e+03 -1.405090852507440813e+00
5.400000000000000000e+03 -1.447493491419415745e+00
5.500000000000000000e+03 -1.490327586456326792e+00
5.600000000000000000e+03 -1.533586981002315275e+00
5.700000000000000000e+03 -1.577265630576511368e+00
5.800000000000000000e+03 -1.621357594323201257e+00
5.900000000000000000e+03 -1.665857038410357038e+00
6.000000000000000000e+03 -1.710758231640558069e+00
6.100000000000000000e+03 -1.756055542993788077e+00
6.200000000000000000e+03 -1.801743439328637786e+00
6.300000000000000000e+03 -1.847816482942699290e+00
6.400000000000000000e+03 -1.894269298876926300e+00
6.500000000000000000e+03 -1.941096665363663876e+00
6.600000000000000000e+03 -1.988293417933216567e+00
6.700000000000000000e+03 -2.035854480014119616e+00
6.800000000000000000e+03 -2.083774860307415100e+00
6.900000000000000000e+03 -2.132049652364182979e+00
7.000000000000000000e+03 -2.180674028385991559e+00
7.100000000000000000e+03 -2.229643241828172862e+00
7.200000000000000000e+03 -2.278952624225318857e+00
7.300000000000000000e+03 -2.328597583517724168e+00
7.400000000000000000e+03 -2.378573602427824341e+00
7.500000000000000000e+03 -2.428876236882745232e+00
7.600000000000000000e+03 -2.479501114480985091e+00
7.700000000000000000e+03 -2.530443932951614627e+00
7.800000000000000000e+03 -2.581700487121322052e+00
7.900000000000000000e+03 -2.633266583205032596e+00
8.000000000000000000e+03 -2.685138119805852153e+00
8.100000000000000000e+03 -2.737311061533785228e+00
8.200000000000000000e+03 -2.789781436127668268e+00
8.300000000000000000e+03 -2.842545333366670590e+00
8.400000000000000000e+03 -2.895598903845337357e+00
8.500000000000000000e+03 -2.948938345746288991e+00
8.600000000000000000e+03 -3.002559939652580834e+00
8.700000000000000000e+03 -3.056460049448033178e+00
8.800000000000000000e+03 -3.110635018974891697e+00
8.900000000000000000e+03 -3.165081285616190510e+00
9.000000000000000000e+03 -3.219795340755912783e+00
9.100000000000000000e+03 -3.274773728817365281e+00
9.200000000000000000e+03 -3.330013046255615894e+00
9.300000000000000000e+03 -3.385509939533550394e+00
9.400000000000000000e+03 -3.441261109380328254e+00
9.500000000000000000e+03 -3.497263300492864158e+00
9.600000000000000000e+03 -3.553513307928926501e+00
9.700000000000000000e+03 -3.610007974120922558e+00
9.800000000000000000e+03 -3.666744188016974881e+00
9.900000000000000000e+03 -3.723718884249251015e+00
1.000000000000000000e+04 -3.780929032381593391e+00
1.010000000000000000e+04 -3.838371665783026909e+00
1.020000000000000000e+04 -3.896043851200375663e+00
1.030000000000000000e+04 -3.953942697732941269e+00
1.040000000000000000e+04 -4.012065356482536593e+00
1.050000000000000000e+04 -4.070409019423482988e+00
1.060000000000000000e+04 -4.128970918815579871e+00
1.070000000000000000e+04 -4.187748326502589435e+00
1.080000000000000000e+04 -4.246738553226339974e+00
1.090000000000000000e+04 -4.305938947955950447e+00
1.100000000000000000e+04 -4.365346897231805912e+00
1.110000000000000000e+04 -4.424959824057857816e+00
1.120000000000000000e+04 -4.484775189419159425e+00
1.130000000000000000e+04 -4.544790487683238567e+00
1.140000000000000000e+04 -4.605003249748414795e+00
1.150000000000000000e+04 -4.665411040652465147e+00
1.160000000000000000e+04 -4.726011459231384215e+00
1.170000000000000000e+04 -4.786802124379540224e+00
1.180000000000000000e+04 -4.847780714932868662e+00
1.190000000000000000e+04 -4.908944927309719652e+00
1.200000000000000000e+04 -4.970292491618662822e+00
1.210000000000000000e+04 -5.031821168127604160e+00
1.220000000000000000e+04 -5.093528747894002784e+00
1.230000000000000000e+04 -5.155413052196011314e+00
1.240000000000000000e+04 -5.217471932040899318e+00
1.250000000000000000e+04 -5.279703267595195371e+00
1.260000000000000000e+04 -5.342104967775476609e+00
1.270000000000000000e+04 -5.404674970161592817e+00
1.280000000000000000e+04 -5.467411239977069570e+00
1.290000000000000000e+04 -5.530311771950058741e+00
1.300000000000000000e+04 -5.593374583386672150e+00
1.310000000000000000e+04 -5.656597721155221414e+00
1.320000000000000000e+04 -5.719979257362304281e+00
1.330000000000000000e+04 -5.783517290184705395e+00
1.340000000000000000e+04 -5.847209912376393426e+00
1.350000000000000000e+04 -5.911055303847568609e+00
1.360000000000000000e+04 -5.975051637057674725e+00
1.370000000000000000e+04 -6.039197109487173698e+00
1.380000000000000000e+04 -6.103489942224268106e+00
1.390000000000000000e+04 -6.167928379830414087e+00
1.400000000000000000e+04 -6.232510689978209228e+00
1.410000000000000000e+04 -6.297235163101022160e+00
1.420000000000000000e+04 -6.362100112049263956e+00
1.430000000000000000e+04 -6.427103871576947292e+00
1.440000000000000000e+04 -6.492244798135172523e+00
1.450000000000000000e+04 -6.557521270227033128e+00
1.460000000000000000e+04 -6.622931687003418944e+00
1.470000000000000000e+04 -6.688474468512584536e+00
1.480000000000000000e+04 -6.754148055230966285e+00
1.490000000000000000e+04 -6.819950907814442687e+00
1.500000000000000000e+04 -6.885881506801111662e+00
1.510000000000000000e+04 -6.951938352395540477e+00
1.520000000000000000e+04 -7.018119963640649495e+00
1.530000000000000000e+04 -7.084424879227109173e+00
1.540000000000000000e+04 -7.150851656437601456e+00
1.550000000000000000e+04 -7.217398870944588651e+00
1.560000000000000000e+04 -7.284065116623699154e+00
1.570000000000000000e+04 -7.350849005293306426e+00
1.580000000000000000e+04 -7.417749166424761675e+00
1.590000000000000000e+04 -7.484764246981381319e+00
1.600000000000000000e+04 -7.551892911077038306e+00
1.610000000000000000e+04 -7.619133839761212279e+00
1.620000000000000000e+04 -7.686485730777675052e+00
1.630000000000000000e+04 -7.753947298251385511e+00
1.640000000000000000e+04 -7.821517254223288695e+00
1.650000000000000000e+04 -7.889194363746552696e+00
1.660000000000000000e+04 -7.956977388976309129e+00
1.670000000000000000e+04 -8.024865107654974850e+00
1.680000000000000000e+04 -8.092856312852191536e+00
1.690000000000000000e+04 -8.160949812751381316e+00
1.700000000000000000e+04 -8.229144430438795510e+00
1.710000000000000000e+04 -8.297439003696032600e+00
1.720000000000000000e+04 -8.365832384795904630e+00
1.730000000000000000e+04 -8.434323440290564022e+00
1.740000000000000000e+04 -8.502911051170618961e+00
1.750000000000000000e+04 -8.571594112206215144e+00
1.760000000000000000e+04 -8.640371531098972824e+00
1.770000000000000000e+04 -8.709242229621931841e+00
1.780000000000000000e+04 -8.778205142904290881e+00
1.790000000000000000e+04 -8.847259219306783606e+00
1.800000000000000000e+04 -8.916403420135567970e+00
1.810000000000000000e+04 -8.985636719249667337e+00
1.820000000000000000e+04 -9.054958103302055861e+00
1.830000000000000000e+04 -9.124366571393260017e+00
1.840000000000000000e+04 -9.193861135275467333e+00
1.850000000000000000e+04 -9.263440817923379811e+00
1.860000000000000000e+04 -9.333104654930576061e+00
1.870000000000000000e+04 -9.402852177419942947e+00
1.880000000000000000e+04 -9.472681957777831840e+00
1.890000000000000000e+04 -9.542593067268343887e+00
1.900000000000000000e+04 -9.612584588417956155e+00
1.910000000000000000e+04 -9.682655614052436022e+00
1.920000000000000000e+04 -9.752805248750091138e+00
1.930000000000000000e+04 -9.823032607682439021e+00
1.940000000000000000e+04 -9.893336816717299698e+00
1.950000000000000000e+04 -9.963717012280577379e+00
1.960000000000000000e+04 -1.003417234121965862e+01
1.970000000000000000e+04 -1.010470196066829374e+01
1.980000000000000000e+04 -1.017530503791301122e+01
1.990000000000000000e+04 -1.024598075026114508e+01
2.000000000000000000e+04 -1.031672828491053373e+01
2.010000000000000000e+04 -1.038754683882092245e+01
2.020000000000000000e+04 -1.045843561962155377e+01
2.030000000000000000e+04 -1.052939384240214871e+01
2.040000000000000000e+04 -1.060042073255725725e+01
2.050000000000000000e+04 -1.067151552707202811e+01
2.060000000000000000e+04 -1.074267746908919108e+01
2.070000000000000000e+04 -1.081390581041234000e+01
2.080000000000000000e+04 -1.088519981286949623e+01
2.090000000000000000e+04 -1.095655874708138455e+01
2.100000000000000000e+04 -1.102798189235172899e+01
2.110000000000000000e+04 -1.109946853655558208e+01
2.120000000000000000e+04 -1.117101797602910551e+01
2.130000000000000000e+04 -1.124262951546094591e+01
2.140000000000000000e+04 -1.131430246778517557e+01
2.150000000000000000e+04 -1.138603615407576797e+01
2.160000000000000000e+04 -1.145782990344258501e+01
2.170000000000000000e+04 -1.152968305292885276e+01
2.180000000000000000e+04 -1.160159494741008679e+01
2.190000000000000000e+04 -1.167356493949445984e+01
2.200000000000000000e+04 -1.174559238942456929e+01
2.210000000000000000e+04 -1.181767666491860069e+01
2.220000000000000000e+04 -1.188981714123659472e+01
2.230000000000000000e+04 -1.196201320097664933e+01
2.240000000000000000e+04 -1.203426423396351197e+01
2.250000000000000000e+04 -1.210656963718590795e+01
2.260000000000000000e+04 -1.217892881131425575e+01
2.270000000000000000e+04 -1.225134117095945108e+01
2.280000000000000000e+04 -1.232380613402179215e+01
2.290000000000000000e+04 -1.239632312524809166e+01
2.300000000000000000e+04 -1.246889157610914900e+01
2.310000000000000000e+04 -1.254151092471650308e+01
2.320000000000000000e+04 -1.261418061565077231e+01
2.330000000000000000e+04 -1.268690010025837189e+01
2.340000000000000000e+04 -1.275966883596884749e+01
2.350000000000000000e+04 -1.283248628663877611e+01
2.360000000000000000e+04 -1.290535192236175277e+01
2.370000000000000000e+04 -1.297826521939094491e+01
2.380000000000000000e+04 -1.305122566006261842e+01
2.390000000000000000e+04 -1.312423273272071178e+01
2.400000000000000000e+04 -1.319728593164242980e+01
2.410000000000000000e+04 -1.327038475676886087e+01
2.420000000000000000e+04 -1.334352871443294042e+01
2.430000000000000000e+04 -1.341671731563144476e+01
2.440000000000000000e+04 -1.348995007812491309e+01
2.450000000000000000e+04 -1.356322652477867763e+01
2.460000000000000000e+04 -1.363654618396089901e+01
2.470000000000000000e+04 -1.370990858947964064e+01
2.480000000000000000e+04 -1.378331328051610072e+01
2.490000000000000000e+04 -1.385675980155872722e+01
2.500000000000000000e+04 -1.393024770233821563e+01
2.510000000000000000e+04 -1.400377654412408290e+01
2.520000000000000000e+04 -1.407734588076653282e+01
2.530000000000000000e+04 -1.415095527718525759e+01
2.540000000000000000e+04 -1.422460430362360029e+01
2.550000000000000000e+04 -1.429829253499695518e+01
2.560000000000000000e+04 -1.437201955116606200e+01
2.570000000000000000e+04 -1.444578493680267783e+01
2.580000000000000000e+04 -1.451958828133167856e+01
2.590000000000000000e+04 -1.459342917887318514e+01
2.600000000000000000e+04 -1.466730722818554433e+01
2.610000000000000000e+04 -1.474122203260909636e+01
2.620000000000000000e+04 -1.481517320001069393e+01
2.630000000000000000e+04 -1.488916034272896205e+01
2.640000000000000000e+04 -1.496318307752028431e+01
2.650000000000000000e+04 -1.503724102550550157e+01
2.660000000000000000e+04 -1.511133381211730864e+01
2.670000000000000000e+04 -1.518546106704834209e+01
2.680000000000000000e+04 -1.525962242419994475e+01
2.690000000000000000e+04 -1.533381752163159106e+01
2.700000000000000000e+04 -1.540804600151097681e+01
2.710000000000000000e+04 -1.548230751006474826e+01
2.720000000000000000e+04 -1.555660169778674629e+01
2.730000000000000000e+04 -1.563092821859390646e+01
2.740000000000000000e+04 -1.570528673059220104e+01
2.750000000000000000e+04 -1.577967689579159760e+01
2.760000000000000000e+04 -1.585409837999681670e+01
2.770000000000000000e+04 -1.592855085278857175e+01
2.780000000000000000e+04 -1.600303398747902150e+01
2.790000000000000000e+04 -1.607754746106727950e+01
2.800000000000000000e+04 -1.615209095419556107e+01
2.810000000000000000e+04 -1.622666415110587934e+01
2.820000000000000000e+04 -1.630126673959728123e+01
2.830000000000000000e+04 -1.637589841098365184e+01
2.840000000000000000e+04 -1.645055886005203760e+01
2.850000000000000000e+04 -1.652524778502150582e+01
2.860000000000000000e+04 -1.659996488748221211e+01
2.870000000000000000e+04 -1.667470987235723356e+01
2.880000000000000000e+04 -1.674948244797982611e+01
2.890000000000000000e+04 -1.682428232589609252e+01
2.900000000000000000e+04 -1.689910922088590084e+01
2.910000000000000000e+04 -1.697396285092501245e+01
2.920000000000000000e+04 -1.704884293714739130e+01
2.930000000000000000e+04 -1.712374920380805321e+01
2.940000000000000000e+04 -1.719868137824634857e+01
2.950000000000000000e+04 -1.727363919084972110e+01
2.960000000000000000e+04 -1.734862237497696924e+01
2.970000000000000000e+04 -1.742363066703876129e+01
2.980000000000000000e+04 -1.749866380636133556e+01
2.990000000000000000e+04 -1.757372153517109581e+01
3.000000000000000000e+04 -1.764880359856787351e+01
3.010000000000000000e+04 -1.772390974449145773e+01
3.020000000000000000e+04 -1.779903972368838438e+01
3.030000000000000000e+04 -1.787419328967915888e+01
3.040000000000000000e+04 -1.794937019872587314e+01
3.050000000000000000e+04 -1.802457020980023472e+01
3.060000000000000000e+04 -1.809979308455198677e+01
3.070000000000000000e+04 -1.817503858729201482e+01
3.080000000000000000e+04 -1.825030648496197472e+01
3.090000000000000000e+04 -1.832559654701523755e+01
3.100000000000000000e+04 -1.840090854581209712e+01
3.110000000000000000e+04 -1.847624225562029210e+01
3.120000000000000000e+04 -1.855159745351654621e+01
3.130000000000000000e+04 -1.862697391904493571e+01
3.140000000000000000e+04 -1.870237143418859915e+01
3.150000000000000000e+04 -1.877778978334146487e+01
3.160000000000000000e+04 -1.885322875328035508e+01
3.170000000000000000e+04 -1.892868813313742038e+01
3.180000000000000000e+04 -1.900416771437292596e+01
3.190000000000000000e+04 -1.907966729074836465e+01
3.200000000000000000e+04 -1.915518665829988976e+01
3.210000000000000000e+04 -1.923072561533330571e+01
3.220000000000000000e+04 -1.930628396234889976e+01
3.230000000000000000e+04 -1.938186150203503999e+01
3.240000000000000000e+04 -1.945745803926758555e+01
3.250000000000000000e+04 -1.953307338106888835e+01
3.260000000000000000e+04 -1.960870733658327225e+01
3.270000000000000000e+04 -1.968435971705264009e+01
3.280000000000000000e+04 -1.976003033579237922e+01
3.290000000000000000e+04 -1.983571900822928313e+01
3.300000000000000000e+04 -1.991142555165334826e+01
3.310000000000000000e+04 -1.998714978549809373e+01
3.320000000000000000e+04 -2.006289153145080917e+01
3.330000000000000000e+04 -2.013865061252512589e+01
3.340000000000000000e+04 -2.021442685398793060e+01
3.350000000000000000e+04 -2.029022008301896562e+01
3.360000000000000000e+04 -2.036603012868894069e+01
3.370000000000000000e+04 -2.044185682200004095e+01
3.380000000000000000e+04 -2.051769999562095492e+01
3.390000000000000000e+04 -2.059355948422479798e+01
3.400000000000000000e+04 -2.066943512423292262e+01
3.410000000000000000e+04 -2.074532675385231784e+01
3.420000000000000000e+04 -2.082123421305525213e+01
3.430000000000000000e+04 -2.089715734355918286e+01
3.440000000000000000e+04 -2.097309598880691794e+01
3.450000000000000000e+04 -2.104904999394700482e+01
3.460000000000000000e+04 -2.112501920581435755e+01
3.470000000000000000e+04 -2.120100347291111476e+01
3.480000000000000000e+04 -2.127700264543516795e+01
3.490000000000000000e+04 -2.135301657507818973e+01
3.500000000000000000e+04 -2.142904511527307321e+01
3.510000000000000000e+04 -2.150508812100381206e+01
3.520000000000000000e+04 -2.158114544882938901e+01
3.530000000000000000e+04 -2.165721695686583104e+01
3.540000000000000000e+04 -2.173330250476861281e+01
3.550000000000000000e+04 -2.180940195371526613e+01
3.560000000000000000e+04 -2.188551516639815375e+01
3.570000000000000000e+04 -2.196164200697103297e+01
3.580000000000000000e+04 -2.203778234108219536e+01
3.590000000000000000e+04 -2.211393603582734357e+01
3.600000000000000000e+04 -2.219010295974038627e+01
3.610000000000000000e+04 -2.226628298277713469e+01
3.620000000000000000e+04 -2.234247597629927995e+01
3.630000000000000000e+04 -2.241868181319166808e+01
3.640000000000000000e+04 -2.249490036747095800e+01
3.650000000000000000e+04 -2.257113151460093192e+01
3.660000000000000000e+04 -2.264737513141032466e+01
3.670000000000000000e+04 -2.272363109603935882e+01
3.680000000000000000e+04 -2.279989928799420440e+01
3.690000000000000000e+04 -2.287617958802725227e+01
3.700000000000000000e+04 -2.295247187819295576e+01
3.710000000000000000e+04 -2.302877604181582072e+01
3.720000000000000000e+04 -2.310509196347613425e+01
3.730000000000000000e+04 -2.318141952899589953e+01
3.740000000000000000e+04 -2.325775862542493044e+01
3.750000000000000000e+04 -2.333410914102712397e+01
3.760000000000000000e+04 -2.341047096524538418e+01
3.770000000000000000e+04 -2.348684398875808199e+01
3.780000000000000000e+04 -2.356322810338169305e+01
3.790000000000000000e+04 -2.363962320210246304e+01
3.800000000000000000e+04 -2.371602917905431696e+01
3.810000000000000000e+04 -2.379244592950614035e+01
3.820000000000000000e+04 -2.386887334984913522e+01
3.830000000000000000e+04 -2.394531133758429320e+01
3.840000000000000000e+04 -2.402175979131004979e+01
3.850000000000000000e+04 -2.409821861071005600e+01
3.860000000000000000e+04 -2.417468769654110972e+01
3.870000000000000000e+04 -2.425116695062121153e+01
3.880000000000000000e+04 -2.432765627581776968e+01
3.890000000000000000e+04 -2.440415557603593300e+01
3.900000000000000000e+04 -2.448066475620707294e+01
3.910000000000000000e+04 -2.455718372224783863e+01
3.920000000000000000e+04 -2.463371238114068973e+01
3.930000000000000000e+04 -2.471025064082501999e+01
3.940000000000000000e+04 -2.478679841022439234e+01
3.950000000000000000e+04 -2.486335559923292138e+01
3.960000000000000000e+04 -2.493992211870452280e+01
3.970000000000000000e+04 -2.501649788044226952e+01
3.980000000000000000e+04 -2.509308279718789692e+01
3.990000000000000000e+04 -2.516967678261141472e+01
4.000000000000000000e+04 -2.524627974923627605e+01
4.010000000000000000e+04 -2.532289161466728800e+01
4.020000000000000000e+04 -2.539951229529955512e+01
4.030000000000000000e+04 -2.547614170841178804e+01
4.040000000000000000e+04 -2.555277977216116980e+01
4.050000000000000000e+04 -2.562942640557355745e+01
4.060000000000000000e+04 -2.570608152853385420e+01
4.070000000000000000e+04 -2.578274506177652370e+01
4.080000000000000000e+04 -2.585941692687617888e+01
4.090000000000000000e+04 -2.593609704623832357e+01
4.100000000000000000e+04 -2.601278534309016877e+01
4.110000000000000000e+04 -2.608948174147158383e+01
4.120000000000000000e+04 -2.616618616622613658e+01
4.130000000000000000e+04 -2.624289854299223990e+01
4.140000000000000000e+04 -2.631961879815832717e+01
4.150000000000000000e+04 -2.639634685897006605e+01
4.160000000000000000e+04 -2.647308265339096067e+01
4.170000000000000000e+04 -2.654982611015235250e+01
4.180000000000000000e+04 -2.662657715873764985e+01
4.190000000000000000e+04 -2.670333572937410693e+01
4.200000000000000000e+04 -2.678010175302466678e+01
4.210000000000000000e+04 -2.685687516137987529e+01
4.220000000000000000e+04 -2.693365588684992318e+01
4.230000000000000000e+04 -2.701044386255674112e+01
4.240000000000000000e+04 -2.708723902232621583e+01
4.250000000000000000e+04 -2.716404130068046996e+01
4.260000000000000000e+04 -2.724085063283024510e+01
4.270000000000000000e+04 -2.731766695466737005e+01
4.280000000000000000e+04 -2.739449020275730007e+01
4.290000000000000000e+04 -2.747132031433176635e+01
4.300000000000000000e+04 -2.754815722728147875e+01
4.310000000000000000e+04 -2.762500088014893862e+01
4.320000000000000000e+04 -2.770185121212130497e+01
4.330000000000000000e+04 -2.777870816302337786e+01
4.340000000000000000e+04 -2.785557167331061734e+01
4.350000000000000000e+04 -2.793244168406227601e+01
4.360000000000000000e+04 -2.800931813697459916e+01
4.370000000000000000e+04 -2.808620097435408525e+01
4.380000000000000000e+04 -2.816309013911084591e+01
4.390000000000000000e+04 -2.823998557475203341e+01
4.400000000000000000e+04 -2.831688722537532854e+01
4.410000000000000000e+04 -2.839379503566251728e+01
4.420000000000000000e+04 -2.847070895087313858e+01
4.430000000000000000e+04 -2.854762891683819959e+01
4.440000000000000000e+04 -2.862455487995395131e+01
4.450000000000000000e+04 -2.870148678717575308e+01
4.460000000000000000e+04 -2.877842458601199738e+01
4.470000000000000000e+04 -2.885536822451810224e+01
4.480000000000000000e+04 -2.893231765129056754e+01
4.490000000000000000e+04 -2.900927281546110237e+01
4.500000000000000000e+04 -2.908623366669082344e+01
4.510000000000000000e+04 -2.916320015516450326e+01
4.520000000000000000e+04 -2.924017223158489998e+01
4.530000000000000000e+04 -2.931714984716713346e+01
4.540000000000000000e+04 -2.939413295363314305e+01
4.550000000000000000e+04 -2.947112150320619506e+01
4.560000000000000000e+04 -2.954811544860544359e+01
4.570000000000000000e+04 -2.962511474304058012e+01
4.580000000000000000e+04 -2.970211934020650801e+01
4.590000000000000000e+04 -2.977912919427810579e+01
4.600000000000000000e+04 -2.985614425990502951e+01
4.610000000000000000e+04 -2.993316449220657915e+01
4.620000000000000000e+04 -3.001018984676662882e+01
4.630000000000000000e+04 -3.008722027962860679e+01
4.640000000000000000e+04 -3.016425574729052883e+01
4.650000000000000000e+04 -3.024129620670008833e+01
4.660000000000000000e+04 -3.031834161524981397e+01
4.670000000000000000e+04 -3.039539193077225221e+01
4.680000000000000000e+04 -3.047244711153523511e+01
4.690000000000000000e+04 -3.054950711623718718e+01
4.700000000000000000e+04 -3.062657190400247131e+01
4.710000000000000000e+04 -3.070364143437681648e+01
4.720000000000000000e+04 -3.078071566732275954e+01
4.730000000000000000e+04 -3.085779456321517600e+01
4.740000000000000000e+04 -3.093487808283682483e+01
4.750000000000000000e+04 -3.101196618737396449e+01
4.760000000000000000e+04 -3.108905883841202211e+01
4.770000000000000000e+04 -3.116615599793127700e+01
4.780000000000000000e+04 -3.124325762826397224e+01
4.790000000000000000e+04 -3.132036369222220173e+01
4.800000000000000000e+04 -3.139747415292954003e+01
4.810000000000000000e+04 -3.147458897390381338e+01
4.820000000000000000e+04 -3.155170811903687422e+01
4.830000000000000000e+04 -3.162883155259066825e+01
4.840000000000000000e+04 -3.170595923919324832e+01
4.850000000000000000e+04 -3.178309114383485934e+01
4.860000000000000000e+04 -3.186022723186404804e+01
4.870000000000000000e+04 -3.193736746898381895e+01
4.880000000000000000e+04 -3.201451182124784367e+01
4.890000000000000000e+04 -3.209166025505668784e+01
4.900000000000000000e+04 -3.216881273715410572e+01
4.910000000000000000e+04 -3.224596923462336662e+01
4.920000000000000000e+04 -3.232312971488361342e+01
4.930000000000000000e+04 -3.240029414568627431e+01
4.940000000000000000e+04 -3.247746249511150296e+01
4.950000000000000000e+04 -3.255463473156466137e+01
4.960000000000000000e+04 -3.263181082377283815e+01
4.970000000000000000e+04 -3.270899074078143087e+01
4.980000000000000000e+04 -3.278617445195071411e+01
4.990000000000000000e+04 -3.286336192695249281e+01
5.000000000000000000e+04 -3.294055313576677690e+01
5.010000000000000000e+04 -3.301774804867848445e+01
5.020000000000000000e+04 -3.309494663627417310e+01
5.030000000000000000e+04 -3.317214886943885688e+01
5.040000000000000000e+04 -3.324935471935278741e+01
5.050000000000000000e+04 -3.332656415748832046e+01
5.060000000000000000e+04 -3.340377715560680372e+01
5.070000000000000000e+04 -3.348099368575549306e+01
5.080000000000000000e+04 -3.355821372046285944e+01
5.090000000000000000e+04 -3.363543723214270642e+01
5.100000000000000000e+04 -3.371266419372078360e+01
5.110000000000000000e+04 -3.378989457830303422e+01
5.120000000000000000e+04 -3.386712835933702337e+01
5.130000000000000000e+04 -3.394436551052253037e+01
5.140000000000000000e+04 -3.402160600582465122e+01
5.150000000000000000e+04 -3.409884981947094218e+01
5.160000000000000000e+04 -3.417609692594859894e+01
5.170000000000000000e+04 -3.425334730000172812e+01
5.180000000000000000e+04 -3.433060091662859747e+01
5.190000000000000000e+04 -3.440785775107894295e+01
5.200000000000000000e+04 -3.448511777885128993e+01
5.210000000000000000e+04 -3.456238097569033130e+01
5.220000000000000000e+04 -3.463964731758429139e+01
5.230000000000000000e+04 -3.471691678076236087e+01
5.240000000000000000e+04 -3.479418934169213173e+01
5.250000000000000000e+04 -3.487146497707706772e+01
5.260000000000000000e+04 -3.494874366385401032e+01
5.270000000000000000e+04 -3.502602537919069192e+01
5.280000000000000000e+04 -3.510331010048331279e+01
5.290000000000000000e+04 -3.518059780535408976e+01
5.300000000000000000e+04 -3.525788847164889006e+01
5.310000000000000000e+04 -3.533518207743485107e+01
5.320000000000000000e+04 -3.541247860099803546e+01
5.330000000000000000e+04 -3.548977802084112199e+01
5.340000000000000000e+04 -3.556708031568111039e+01
5.350000000000000000e+04 -3.564438546444705480e+01
5.360000000000000000e+04 -3.572169344627782550e+01
5.370000000000000000e+04 -3.579900424051988495e+01
5.380000000000000000e+04 -3.587631782672509217e+01
5.390000000000000000e+04 -3.595363418464854988e+01
5.400000000000000000e+04 -3.603095329424643722e+01
5.410000000000000000e+04 -3.610827513567389246e+01
5.420000000000000000e+04 -3.618559968928292392e+01
5.430000000000000000e+04 -3.626292693562031388e+01
5.440000000000000000e+04 -3.634025685542558648e+01
5.450000000000000000e+04 -3.641758942962894707e+01
5.460000000000000000e+04 -3.649492463934929987e+01
5.470000000000000000e+04 -3.657226246589224417e+01
5.480000000000000000e+04 -3.664960289074810618e+01
5.490000000000000000e+04 -3.672694589558999212e+01
5.500000000000000000e+04 -3.680429146227186976e+01
5.510000000000000000e+04 -3.688163957282665706e+01
5.520000000000000000e+04 -3.695899020946433922e+01
5.530000000000000000e+04 -3.703634335457011417e+01
5.540000000000000000e+04 -3.711369899070253808e+01
5.550000000000000000e+04 -3.719105710059170633e+01
5.560000000000000000e+04 -3.726841766713745585e+01
5.570000000000000000e+04 -3.734578067340756746e+01
5.580000000000000000e+04 -3.742314610263600372e+01
5.590000000000000000e+04 -3.750051393822117518e+01
5.600000000000000000e+04 -3.757788416372419249e+01
5.610000000000000000e+04 -3.765525676286718237e+01
5.620000000000000000e+04 -3.773263171953158235e+01
5.630000000000000000e+04 -3.781000901775646383e+01
5.640000000000000000e+04 -3.788738864173688370e+01
5.650000000000000000e+04 -3.796477057582225711e+01
5.660000000000000000e+04 -3.804215480451472331e+01
5.670000000000000000e+04 -3.811954131246755395e+01
5.680000000000000000e+04 -3.819693008448356863e+01
5.690000000000000000e+04 -3.827432110551355748e+01
5.700000000000000000e+04 -3.835171436065475348e+01
5.710000000000000000e+04 -3.842910983514926926e+01
5.720000000000000000e+04 -3.850650751438260500e+01
5.730000000000000000e+04 -3.858390738388212782e+01
5.740000000000000000e+04 -3.866130942931560810e+01
5.750000000000000000e+04 -3.873871363648972732e+01
5.760000000000000000e+04 -3.881611999134864988e+01
5.770000000000000000e+04 -3.889352847997255935e+01
5.780000000000000000e+04 -3.897093908857625877e+01
5.790000000000000000e+04 -3.904835180350774948e+01
5.800000000000000000e+04 -3.912576661124684563e+01
5.810000000000000000e+04 -3.920318349840380279e+01
5.820000000000000000e+04 -3.928060245189690391e+01
5.830000000000000000e+04 -3.935802345807159952e+01
5.840000000000000000e+04 -3.943544650427116238e+01
5.850000000000000000e+04 -3.951287157761586144e+01
5.860000000000000000e+04 -3.959029866534716291e+01
5.870000000000000000e+04 -3.966772775482913715e+01
5.880000000000000000e+04 -3.974515883354715839e+01
5.890000000000000000e+04 -3.982259188910663283e+01
5.900000000000000000e+04 -3.990002690923170547e+01
5.910000000000000000e+04 -3.997746388176403798e+01
5.920000000000000000e+04 -4.005490279466155812e+01
5.930000000000000000e+04 -4.013234363599723764e+01
5.940000000000000000e+04 -4.020978639395790566e+01
5.950000000000000000e+04 -4.028723105684304073e+01
5.960000000000000000e+04 -4.036467761306361268e+01
5.970000000000000000e+04 -4.044212605114091019e+01
5.980000000000000000e+04 -4.051957635970539684e+01
5.990000000000000000e+04 -4.059702852749556001e+01
6.000000000000000000e+04 -4.067448254335681668e+01
6.010000000000000000e+04 -4.075193839624036229e+01
6.020000000000000000e+04 -4.082939607520211212e+01
6.030000000000000000e+04 -4.090685556940157852e+01
6.040000000000000000e+04 -4.098431686810081942e+01
6.050000000000000000e+04 -4.106177996066335822e+01
6.060000000000000000e+04 -4.113924483655314646e+01
6.070000000000000000e+04 -4.121671148533349793e+01
6.080000000000000000e+04 -4.129417989666608690e+01
6.090000000000000000e+04 -4.137165006030991066e+01
6.100000000000000000e+04 -4.144912196612027344e+01
6.110000000000000000e+04 -4.152659560404782013e+01
6.120000000000000000e+04 -4.160407096413750594e+01
6.130000000000000000e+04 -4.168154803652765850e+01
6.140000000000000000e+04 -4.175902681144898310e+01
6.150000000000000000e+04 -4.183650727922361767e+01
6.160000000000000000e+04 -4.191398943026419488e+01
6.170000000000000000e+04 -4.199147325507289708e+01
6.180000000000000000e+04 -4.206895874424052550e+01
6.190000000000000000e+04 -4.214644588844559081e+01
6.200000000000000000e+04 -4.222393467845341064e+01
6.210000000000000000e+04 -4.230142510511520015e+01
6.220000000000000000e+04 -4.237891715949528759e+01
6.230000000000000000e+04 -4.245641083248753489e+01
6.240000000000000000e+04 -4.253390611519567699e+01
6.250000000000000000e+04 -4.261140299880575100e+01
6.260000000000000000e+04 -4.268890147458533590e+01
6.270000000000000000e+04 -4.276640153388274257e+01
6.280000000000000000e+04 -4.284390316812616817e+01
6.290000000000000000e+04 -4.292140636882287197e+01
6.300000000000000000e+04 -4.299891112755836531e+01
6.310000000000000000e+04 -4.307641743599559447e+01
6.320000000000000000e+04 -4.315392528587416621e+01
6.330000000000000000e+04 -4.323143466900953058e+01
6.340000000000000000e+04 -4.330894557729222072e+01
6.350000000000000000e+04 -4.338645800268706409e+01
6.360000000000000000e+04 -4.346397193723244357e+01
6.370000000000000000e+04 -4.354148737303950867e+01
6.380000000000000000e+04 -4.361900430229145087e+01
6.390000000000000000e+04 -4.369652271724275749e+01
6.400000000000000000e+04 -4.377404261021846565e+01
6.410000000000000000e+04 -4.385156397361346592e+01
6.420000000000000000e+04 -4.392908679989175624e+01
6.430000000000000000e+04 -4.400661108158574564e+01
6.440000000000000000e+04 -4.408413683327766108e+01
6.450000000000000000e+04 -4.416166402557147563e+01
6.460000000000000000e+04 -4.423919265119641153e+01
6.470000000000000000e+04 -4.431672270294708227e+01
6.480000000000000000e+04 -4.439425417368543947e+01
6.490000000000000000e+04 -4.447178705633902496e+01
6.500000000000000000e+04 -4.454932134390002574e+01
6.510000000000000000e+04 -4.462685702942438581e+01
6.520000000000000000e+04 -4.470439410603094643e+01
6.530000000000000000e+04 -4.478193256690068580e+01
6.540000000000000000e+04 -4.485947240527594460e+01
6.550000000000000000e+04 -4.493701361445972964e+01
6.560000000000000000e+04 -4.501455618781500334e+01
6.570000000000000000e+04 -4.509210011876404423e+01
6.580000000000000000e+04 -4.516964540078776480e+01
6.590000000000000000e+04 -4.524719202742512181e+01
6.600000000000000000e+04 -4.532473999227245542e+01
6.610000000000000000e+04 -4.540228928898292793e+01
6.620000000000000000e+04 -4.547983991126589842e+01
6.630000000000000000e+04 -4.555739185288634729e+01
6.640000000000000000e+04 -4.563494510766430778e+01
6.650000000000000000e+04 -4.571249966947429755e+01
6.660000000000000000e+04 -4.579005553224476444e+01
6.670000000000000000e+04 -4.586761268995752516e+01
6.680000000000000000e+04 -4.594517113664721819e+01
6.690000000000000000e+04 -4.602273086640078503e+01
6.700000000000000000e+04 -4.610029187335690892e+01
6.710000000000000000e+04 -4.617785415170552454e+01
6.720000000000000000e+04 -4.625541769568727091e+01
6.730000000000000000e+04 -4.633298249959298687e+01
6.740000000000000000e+04 -4.641054855776319243e+01
6.750000000000000000e+04 -4.648811586458760559e+01
6.760000000000000000e+04 -4.656568441450463069e+01
6.770000000000000000e+04 -4.664325420200086114e+01
6.780000000000000000e+04 -4.672082522161061036e+01
6.790000000000000000e+04 -4.679839746791540733e+01
6.800000000000000000e+04 -4.687597093554353478e+01
6.810000000000000000e+04 -4.695354561916955305e+01
6.820000000000000000e+04 -4.703112151351383119e+01
6.830000000000000000e+04 -4.710869861334209219e+01
6.840000000000000000e+04 -4.718627691346492981e+01
6.850000000000000000e+04 -4.726385640873739646e+01
6.860000000000000000e+04 -4.734143709405851297e+01
6.870000000000000000e+04 -4.741901896437085639e+01
6.880000000000000000e+04 -4.749660201466011245e+01
6.890000000000000000e+04 -4.757418623995462781e+01
6.900000000000000000e+04 -4.765177163532499094e+01
6.910000000000000000e+04 -4.772935819588361284e+01
6.920000000000000000e+04 -4.780694591678429362e+01
6.930000000000000000e+04 -4.788453479322181039e+01
6.940000000000000000e+04 -4.796212482043150516e+01
6.950000000000000000e+04 -4.803971599368887979e+01
6.960000000000000000e+04 -4.811730830830919103e+01
6.970000000000000000e+04 -4.819490175964704548e+01
6.980000000000000000e+04 -4.827249634309600168e+01
6.990000000000000000e+04 -4.835009205408819355e+01
7.000000000000000000e+04 -4.842768888809393246e+01
7.010000000000000000e+04 -4.850528684062131646e+01
7.020000000000000000e+04 -4.858288590721586075e+01
7.030000000000000000e+04 -4.866048608346012827e+01
7.040000000000000000e+04 -4.873808736497334593e+01
7.050000000000000000e+04 -4.881568974741103517e+01
7.060000000000000000e+04 -4.889329322653640020e+01
7.070000000000000000e+04 -4.897089779800621301e+01
7.080000000000000000e+04 -4.904850345758276831e+01
7.090000000000000000e+04 -4.912611020106315607e+01
7.100000000000000000e+04 -4.920371802427899155e+01
7.110000000000000000e+04 -4.928132692309605289e+01
7.120000000000000000e+04 -4.935893689341396140e+01
7.130000000000000000e+04 -4.943654793116581203e+01
7.140000000000000000e+04 -4.951416003231786789e+01
7.150000000000000000e+04 -4.959177319286921204e+01
7.160000000000000000e+04 -4.966938740885142778e+01
7.170000000000000000e+04 -4.974700267632827888e+01
7.180000000000000000e+04 -4.982461899139536143e+01
7.190000000000000000e+04 -4.990223635017981962e+01
7.200000000000000000e+04 -4.997985474884001178e+01
7.210000000000000000e+04 -5.005747418356520484e+01
7.220000000000000000e+04 -5.013509465057526882e+01
7.230000000000000000e+04 -5.021271614612035705e+01
7.240000000000000000e+04 -5.029033866838913269e+01
7.250000000000000000e+04 -5.036796221179704958e+01
7.260000000000000000e+04 -5.044558677268289415e+01
7.270000000000000000e+04 -5.052321234741337008e+01
7.280000000000000000e+04 -5.060083893238430619e+01
7.290000000000000000e+04 -5.067846652402031538e+01
7.300000000000000000e+04 -5.075609511877443936e+01
7.310000000000000000e+04 -5.083372471312784313e+01
7.320000000000000000e+04 -5.091135530358950234e+01
7.330000000000000000e+04 -5.098898688669589774e+01
7.340000000000000000e+04 -5.106661945901072386e+01
7.350000000000000000e+04 -5.114425301712461192e+01
7.360000000000000000e+04 -5.122188755765485269e+01
7.370000000000000000e+04 -5.129952307724511229e+01
7.380000000000000000e+04 -5.137715957256517640e+01
7.390000000000000000e+04 -5.145479704031068025e+01
7.400000000000000000e+04 -5.153243547720284568e+01
7.410000000000000000e+04 -5.161007487998823251e+01
7.420000000000000000e+04 -5.168771524543847562e+01
7.430000000000000000e+04 -5.176535657035004334e+01
7.440000000000000000e+04 -5.184299885154399590e+01
7.450000000000000000e+04 -5.192064208586571539e+01
7.460000000000000000e+04 -5.199828627018469263e+01
7.470000000000000000e+04 -5.207593140139427135e+01
7.480000000000000000e+04 -5.215357747641142794e+01
7.490000000000000000e+04 -5.223122449217650853e+01
7.500000000000000000e+04 -5.230887244565303718e+01
7.510000000000000000e+04 -5.238652133382746001e+01
7.520000000000000000e+04 -5.246417115370891793e+01
7.530000000000000000e+04 -5.254182190232904759e+01
7.540000000000000000e+04 -5.261947357674172565e+01
7.550000000000000000e+04 -5.269712617402288402e+01
7.560000000000000000e+04 -5.277477969127027535e+01
7.570000000000000000e+04 -5.285243412560325282e+01
7.580000000000000000e+04 -5.293008947416256404e+01
7.590000000000000000e+04 -5.300774573411015211e+01
7.600000000000000000e+04 -5.308540290262894246e+01
7.610000000000000000e+04 -5.316306097692261545e+01
7.620000000000000000e+04 -5.324071995421544301e+01
7.630000000000000000e+04 -5.331837983175204698e+01
7.640000000000000000e+04 -5.339604060679722863e+01
7.650000000000000000e+04 -5.347370227666390008e+01
7.660000000000000000e+04 -5.355136483861967633e+01
7.670000000000000000e+04 -5.362902828999727234e+01
7.680000000000000000e+04 -5.370669262814020328e+01
7.690000000000000000e+04 -5.378435785041120454e+01
7.700000000000000000e+04 -5.386202395419203270e+01
7.710000000000000000e+04 -5.393969093688327376e+01
7.720000000000000000e+04 -5.401735879590415834e+01
7.730000000000000000e+04 -5.409502752869239117e+01
7.740000000000000000e+04 -5.417269713270395215e+01
7.750000000000000000e+04 -5.425036760541293290e+01
7.760000000000000000e+04 -5.432803894431135916e+01
7.770000000000000000e+04 -5.440571114690902021e+01
7.780000000000000000e+04 -5.448338421073328419e+01
7.790000000000000000e+04 -5.456105813332894172e+01
7.800000000000000000e+04 -5.463873291225802831e+01
7.810000000000000000e+04 -5.471640854509966090e+01
7.820000000000000000e+04 -5.479408502944987447e+01
7.830000000000000000e+04 -5.487176236292144438e+01
7.840000000000000000e+04 -5.494944054314375137e+01
7.850000000000000000e+04 -5.502711956776259683e+01
7.860000000000000000e+04 -5.510479943444006068e+01
7.870000000000000000e+04 -5.518248014085433084e+01
7.880000000000000000e+04 -5.526016168469955403e+01
7.890000000000000000e+04 -5.533784406368567943e+01
7.900000000000000000e+04 -5.541552727553832369e+01
7.910000000000000000e+04 -5.549321131799858620e+01
7.920000000000000000e+04 -5.557089618882293536e+01
7.930000000000000000e+04 -5.564858188578304521e+01
7.940000000000000000e+04 -5.572626840666563908e+01
7.950000000000000000e+04 -5.580395574927236169e+01
7.960000000000000000e+04 -5.588164391141963705e+01
7.970000000000000000e+04 -5.595933289093850505e+01
7.980000000000000000e+04 -5.603702268567450773e+01
7.990000000000000000e+04 -5.611471329348754011e+01
8.000000000000000000e+04 -5.619240471225171518e+01
8.010000000000000000e+04 -5.627009693985520755e+01
8.020000000000000000e+04 -5.634778997420015401e+01
8.030000000000000000e+04 -5.642548381320250428e+01
8.040000000000000000e+04 -5.650317845479187184e+01
8.050000000000000000e+04 -5.658087389691143443e+01
8.060000000000000000e+04 -5.665857013751779192e+01
8.070000000000000000e+04 -5.673626717458082425e+01
8.080000000000000000e+04 -5.681396500608358480e+01
8.090000000000000000e+04 -5.689166363002217253e+01
8.100000000000000000e+04 -5.696936304440560406e+01
8.110000000000000000e+04 -5.704706324725568578e+01
8.120000000000000000e+04 -5.712476423660690017e+01
8.130000000000000000e+04 -5.720246601050629209e+01
8.140000000000000000e+04 -5.728016856701332671e+01
8.150000000000000000e+04 -5.735787190419979709e+01
8.160000000000000000e+04 -5.743557602014969632e+01
8.170000000000000000e+04 -5.751328091295910383e+01
8.180000000000000000e+04 -5.759098658073607169e+01
8.190000000000000000e+04 -5.766869302160050381e+01
8.200000000000000000e+04 -5.774640023368406361e+01
8.210000000000000000e+04 -5.782410821513003896e+01
8.220000000000000000e+04 -5.790181696409325696e+01
8.230000000000000000e+04 -5.797952647873995602e+01
8.240000000000000000e+04 -5.805723675724769350e+01
8.250000000000000000e+04 -5.813494779780523203e+01
8.260000000000000000e+04 -5.821265959861242578e+01
8.270000000000000000e+04 -5.829037215788013526e+01
8.280000000000000000e+04 -5.836808547383010648e+01
8.290000000000000000e+04 -5.844579954469488570e+01
8.300000000000000000e+04 -5.852351436871771284e+01
8.310000000000000000e+04 -5.860122994415240782e+01
8.320000000000000000e+04 -5.867894626926329948e+01
8.330000000000000000e+04 -5.875666334232509769e+01
8.340000000000000000e+04 -5.883438116167582166e+01
8.350000000000000000e+04 -5.891209972555908791e+01
8.360000000000000000e+04 -5.898981903228025203e+01
8.370000000000000000e+04 -5.906753908015462429e+01
8.380000000000000000e+04 -5.914525986750742703e+01
8.390000000000000000e+04 -5.922298139267371653e+01
8.400000000000000000e+04 -5.930070365399829058e+01
8.410000000000000000e+04 -5.937842664983560326e+01
8.420000000000000000e+04 -5.945615037854964413e+01
8.430000000000000000e+04 -5.953387483851390272e+01
8.440000000000000000e+04 -5.961160002811123348e+01
8.450000000000000000e+04 -5.968932594573379902e+01
8.460000000000000000e+04 -5.976705258978296342e+01
8.470000000000000000e+04 -5.984477995866922839e+01
8.480000000000000000e+04 -5.992250805081214082e+01
8.490000000000000000e+04 -6.000023686464019335e+01
8.500000000000000000e+04 -6.007796639859077459e+01
8.510000000000000000e+04 -6.015569665111005548e+01
8.520000000000000000e+04 -6.023342762065293243e+01
8.530000000000000000e+04 -6.031115930568294203e+01
8.540000000000000000e+04 -6.038889170467216161e+01
8.550000000000000000e+04 -6.046662481610116657e+01
8.560000000000000000e+04 -6.054435863845892385e+01
8.570000000000000000e+04 -6.062209317024273503e+01
8.580000000000000000e+04 -6.069982840995814399e+01
8.590000000000000000e+04 -6.077756435611887298e+01
8.600000000000000000e+04 -6.085530100724673730e+01
8.610000000000000000e+04 -6.093303836187159561e+01
8.620000000000000000e+04 -6.101077641853125044e+01
8.630000000000000000e+04 -6.108851517577139134e+01
8.640000000000000000e+04 -6.116625463214551672e+01
8.650000000000000000e+04 -6.124399478621486992e+01
8.660000000000000000e+04 -6.132173563654836101e+01
8.670000000000000000e+04 -6.139947718172250291e+01
8.680000000000000000e+04 -6.147721942032134024e+01
8.690000000000000000e+04 -6.155496235093639257e+01
8.700000000000000000e+04 -6.163270597216656910e+01
8.710000000000000000e+04 -6.171045028261811183e+01
8.720000000000000000e+04 -6.178819528090453872e+01
8.730000000000000000e+04 -6.186594096564655842e+01
8.740000000000000000e+04 -6.194368733547202766e+01
8.750000000000000000e+04 -6.202143438901586592e+01
8.760000000000000000e+04 -6.209918212492001288e+01
8.770000000000000000e+04 -6.217693054183335732e+01
8.780000000000000000e+04 -6.225467963841165897e+01
8.790000000000000000e+04 -6.233242941331752007e+01
8.800000000000000000e+04 -6.241017986522030014e+01
8.810000000000000000e+04 -6.248793099279606622e+01
8.820000000000000000e+04 -6.256568279472752891e+01
8.830000000000000000e+04 -6.264343526970398557e+01
8.840000000000000000e+04 -6.272118841642125631e+01
8.850000000000000000e+04 -6.279894223358164851e+01
8.860000000000000000e+04 -6.287669671989386444e+01
8.870000000000000000e+04 -6.295445187407297993e+01
8.880000000000000000e+04 -6.303220769484035912e+01
8.890000000000000000e+04 -6.310996418092361893e+01
8.900000000000000000e+04 -6.318772133105657218e+01
8.910000000000000000e+04 -6.326547914397915662e+01
8.920000000000000000e+04 -6.334323761843740641e+01
8.930000000000000000e+04 -6.342099675318338114e+01
8.940000000000000000e+04 -6.349875654697511607e+01
8.950000000000000000e+04 -6.357651699857657945e+01
8.960000000000000000e+04 -6.365427810675760867e+01
8.970000000000000000e+04 -6.373203987029386752e+01
8.980000000000000000e+04 -6.380980228796678944e+01
8.990000000000000000e+04 -6.388756535856352770e+01
9.000000000000000000e+04 -6.396532908087692704e+01
9.010000000000000000e+04 -6.404309345370543838e+01
9.020000000000000000e+04 -6.404792130476600676e+01
9.030000000000000000e+04 -6.404259095400119861e+01
9.040000000000000000e+04 -6.402719834753179384e+01
9.050000000000000000e+04 -6.400194621217542590e+01
9.060000000000000000e+04 -6.396703002356860424e+01
9.070000000000000000e+04 -6.392263851126730145e+01
9.080000000000000000e+04 -6.386895475172973136e+01
9.090000000000000000e+04 -6.380615606738899004e+01
9.100000000000000000e+04 -6.373441442919530431e+01
9.110000000000000000e+04 -6.365389680365501590e+01
9.120000000000000000e+04 -6.356476538640009721e+01
9.130000000000000000e+04 -6.346717784074550650e+01
9.140000000000000000e+04 -6.336128751043421659e+01
9.150000000000000000e+04 -6.324724361553584373e+01
9.160000000000000000e+04 -6.312519143249822662e+01
9.170000000000000000e+04 -6.299527246042423911e+01
9.180000000000000000e+04 -6.285762457666343295e+01
9.190000000000000000e+04 -6.271238218066040560e+01
9.200000000000000000e+04 -6.255967630142072977e+01
9.210000000000000000e+04 -6.239963500966447896e+01
9.220000000000000000e+04 -6.223238283187450293e+01
9.230000000000000000e+04 -6.205804152373535487e+01
9.240000000000000000e+04 -6.187672994358244694e+01
9.250000000000000000e+04 -6.168856421548240121e+01
9.260000000000000000e+04 -6.149365774452261491e+01
9.270000000000000000e+04 -6.129212135126987704e+01
9.280000000000000000e+04 -6.108406334935487081e+01
9.290000000000000000e+04 -6.086958962731412015e+01
9.300000000000000000e+04 -6.064880372676002196e+01
9.310000000000000000e+04 -6.042180691696443517e+01
9.320000000000000000e+04 -6.018869826610546880e+01
9.330000000000000000e+04 -5.994957470938727795e+01
9.340000000000000000e+04 -5.970453139395308284e+01
9.350000000000000000e+04 -5.945366089536842935e+01
9.360000000000000000e+04 -5.919705413151427820e+01
9.370000000000000000e+04 -5.893480028382823122e+01
9.380000000000000000e+04 -5.866698642735256186e+01
9.390000000000000000e+04 -5.839369794506919220e+01
9.400000000000000000e+04 -5.811501853242459958e+01
9.410000000000000000e+04 -5.783103019006272660e+01
9.420000000000000000e+04 -5.754181328856303423e+01
9.430000000000000000e+04 -5.724744657785426227e+01
9.440000000000000000e+04 -5.694800732713395774e+01
9.450000000000000000e+04 -5.664357126946044474e+01
9.460000000000000000e+04 -5.633421267501874041e+01
9.470000000000000000e+04 -5.602000438976276797e+01
9.480000000000000000e+04 -5.570101786989398107e+01
9.490000000000000000e+04 -5.537732323036810556e+01
9.500000000000000000e+04 -5.504898927553910681e+01
9.510000000000000000e+04 -5.471608349059952303e+01
9.520000000000000000e+04 -5.437867214724703757e+01
9.530000000000000000e+04 -5.403682028517155089e+01
9.540000000000000000e+04 -5.369059176916901066e+01
9.550000000000000000e+04 -5.334004928877963181e+01
9.560000000000000000e+04 -5.298525443454274608e+01
9.570000000000000000e+04 -5.262626765109382632e+01
9.580000000000000000e+04 -5.226314831935388128e+01
9.590000000000000000e+04 -5.189595480030735075e+01
9.600000000000000000e+04 -5.152474437981770450e+01
9.610000000000000000e+04 -5.114957336726146764e+01
9.620000000000000000e+04 -5.077049707537978662e+01
9.630000000000000000e+04 -5.038756989678761755e+01
9.640000000000000000e+04 -5.000084527334551865e+01
9.650000000000000000e+04 -4.961037574164248554e+01
9.660000000000000000e+04 -4.921621292393278679e+01
9.670000000000000000e+04 -4.881840759115029016e+01
9.680000000000000000e+04 -4.841700965445099314e+01
9.690000000000000000e+04 -4.801206819266188575e+01
9.700000000000000000e+04 -4.760363146815670632e+01
9.710000000000000000e+04 -4.719174694528226155e+01
9.720000000000000000e+04 -4.677646130778753530e+01
9.730000000000000000e+04 -4.635782047530388894e+01
9.740000000000000000e+04 -4.593586961965097970e+01
9.750000000000000000e+04 -4.551065318061040443e+01
9.760000000000000000e+04 -4.508221488125842313e+01
9.770000000000000000e+04 -4.465059774287301053e+01
9.780000000000000000e+04 -4.421584436899831871e+01
9.790000000000000000e+04 -4.377799613272029688e+01
9.800000000000000000e+04 -4.333709405746556342e+01
9.810000000000000000e+04 -4.289317849639608937e+01
9.820000000000000000e+04 -4.244628917140087054e+01
9.830000000000000000e+04 -4.199646518391684680e+01
9.840000000000000000e+04 -4.154374477448409664e+01
9.850000000000000000e+04 -4.108816609572720324e+01
9.860000000000000000e+04 -4.062976645992613811e+01
9.870000000000000000e+04 -4.016858260682720783e+01
9.880000000000000000e+04 -3.970465071505286403e+01
9.890000000000000000e+04 -3.923800640686852148e+01
9.900000000000000000e+04 -3.876868476983725031e+01
9.910000000000000000e+04 -3.829672047235579413e+01
9.920000000000000000e+04 -3.782214743473326024e+01
9.930000000000000000e+04 -3.734499918078582681e+01
9.940000000000000000e+04 -3.686530840099661077e+01
9.950000000000000000e+04 -3.638310797484525949e+01
9.960000000000000000e+04 -3.589842993587129882e+01
9.970000000000000000e+04 -3.541130586297170879e+01
9.980000000000000000e+04 -3.492176686371087158e+01
9.990000000000000000e+04 -3.442984359282713314e+01
1.000000000000000000e+05 -3.393556625468793442e+01
1.001000000000000000e+05 -3.323294491780065130e+01
1.002000000000000000e+05 -3.277467871894692308e+01
1.003000000000000000e+05 -3.232388721784992214e+01
1.004000000000000000e+05 -3.188079011988983424e+01
1.005000000000000000e+05 -3.144520300139318181e+01
1.006000000000000000e+05 -3.101694759190164774e+01
1.007000000000000000e+05 -3.059585272199112893e+01
1.008000000000000000e+05 -3.018175370988294048e+01
1.009000000000000000e+05 -2.977449191311182020e+01
1.010000000000000000e+05 -2.937391431817130538e+01
1.011000000000000000e+05 -2.897987318169320048e+01
1.012000000000000000e+05 -2.859222571302430538e+01
1.013000000000000000e+05 -2.821083379130255153e+01
1.014000000000000000e+05 -2.783556371145765951e+01
1.015000000000000000e+05 -2.746628595463068834e+01
1.016000000000000000e+05 -2.710287497084446073e+01
1.017000000000000000e+05 -2.674520901833254172e+01
1.018000000000000000e+05 -2.639316994790170057e+01
1.019000000000000000e+05 -2.604664306390479567e+01
1.020000000000000000e+05 -2.570551696051237656e+01
1.021000000000000000e+05 -2.536968340639937480e+01
1.022000000000000000e+05 -2.503903713780116291e+01
1.023000000000000000e+05 -2.471347589917782983e+01
1.024000000000000000e+05 -2.439290017221025053e+01
1.025000000000000000e+05 -2.407721311960097310e+01
1.026000000000000000e+05 -2.376632048284536225e+01
1.027000000000000000e+05 -2.346013048559527547e+01
1.028000000000000000e+05 -2.315855374336299377e+01
1.029000000000000000e+05 -2.286150317316874236e+01
1.030000000000000000e+05 -2.256889581568852776e+01
1.031000000000000000e+05 -2.228064698502842234e+01
1.032000000000000000e+05 -2.199667605511126922e+01
1.033000000000000000e+05 -2.171690436954979475e+01
1.034000000000000000e+05 -2.144125520306513266e+01
1.035000000000000000e+05 -2.116965371865144618e+01
1.036000000000000000e+05 -2.090202683946632689e+01
1.037000000000000000e+05 -2.063830324309014230e+01
1.038000000000000000e+05 -2.037841337647763851e+01
1.039000000000000000e+05 -2.012228919247253600e+01
1.040000000000000000e+05 -1.986986429611985372e+01
1.041000000000000000e+05 -1.962107381842921683e+01
1.042000000000000000e+05 -1.937585437624062479e+01
1.043000000000000000e+05 -1.913414402650384716e+01
1.044000000000000000e+05 -1.889588222247556004e+01
1.045000000000000000e+05 -1.866100977053106291e+01
1.046000000000000000e+05 -1.842946879599557519e+01
1.047000000000000000e+05 -1.820120269184236506e+01
1.048000000000000000e+05 -1.797615609188746788e+01
1.049000000000000000e+05 -1.775427483076125057e+01
1.050000000000000000e+05 -1.753550591077191001e+01
1.051000000000000000e+05 -1.731979746895873618e+01
1.052000000000000000e+05 -1.710709874446901679e+01
1.053000000000000000e+05 -1.689736004435859229e+01
1.054000000000000000e+05 -1.669053271800635585e+01
1.055000000000000000e+05 -1.648656912910736594e+01
1.056000000000000000e+05 -1.628542262162838483e+01
1.057000000000000000e+05 -1.608704744299722122e+01
1.058000000000000000e+05 -1.589139889305198139e+01
1.059000000000000000e+05 -1.569843310813587856e+01
1.060000000000000000e+05 -1.550810711431106803e+01
1.061000000000000000e+05 -1.532037879752418341e+01
1.062000000000000000e+05 -1.513520688097480793e+01
1.063000000000000000e+05 -1.495255092830382893e+01
1.064000000000000000e+05 -1.477237124828828208e+01
1.065000000000000000e+05 -1.459462894931450982e+01
1.066000000000000000e+05 -1.441928589463594435e+01
1.067000000000000000e+05 -1.424630468200263067e+01
1.068000000000000000e+05 -1.407564862962779806e+01
1.069000000000000000e+05 -1.390728175407402922e+01
1.070000000000000000e+05 -1.374116875450580011e+01
1.071000000000000000e+05 -1.357727499602835053e+01
1.072000000000000000e+05 -1.341556649354800790e+01
1.073000000000000000e+05 -1.325600989613390546e+01
1.074000000000000000e+05 -1.309857247308130823e+01
1.075000000000000000e+05 -1.294322209484946917e+01
1.076000000000000000e+05 -1.278992722456469444e+01
1.077000000000000000e+05 -1.263865690069051873e+01
1.078000000000000000e+05 -1.248938072506621033e+01
1.079000000000000000e+05 -1.234206884910262580e+01
1.080000000000000000e+05 -1.219669196144107737e+01
1.081000000000000000e+05 -1.205322127570374668e+01
1.082000000000000000e+05 -1.191162851862968353e+01
1.083000000000000000e+05 -1.177188591844189069e+01
1.084000000000000000e+05 -1.163396619374434238e+01
1.085000000000000000e+05 -1.149784254250952387e+01
1.086000000000000000e+05 -1.136348862397410286e+01
1.087000000000000000e+05 -1.123087857115088184e+01
1.088000000000000000e+05 -1.109998695812534031e+01
1.089000000000000000e+05 -1.097078879765660986e+01
1.090000000000000000e+05 -1.084325953190604608e+01
1.091000000000000000e+05 -1.071737500384582908e+01
1.092000000000000000e+05 -1.059311150668962043e+01
1.093000000000000000e+05 -1.047044571642531707e+01
1.094000000000000000e+05 -1.034935470312580463e+01
1.095000000000000000e+05 -1.022981592266952688e+01
1.096000000000000000e+05 -1.011180724256582586e+01
1.097000000000000000e+05 -9.995306832080451898e+00
1.098000000000000000e+05 -9.880293257139163288e+00
1.099000000000000000e+05 -9.766745439909295001e+00
1.100000000000000000e+05 -9.654642651187474556e+00
